2 0.07241431 -0.04952920 0.64884919 2 0.13042691 -0.07778200 0.64884919 3
2 0.03106146 -0.03276537 0.67845625 2 0.10834602 -0.06308418 0.67845625 3
2 -0.01100847 -0.02102330 0.71220970 2 0.08735454 -0.05628190 0.71220970 3
2 -0.04469258 -0.01896149 0.75337422 2 0.06974284 -0.06022476 0.75337422 3
2 -0.07802189 -0.02062440 0.79325372 2 0.05276723 -0.06866295 0.79325372 3
2 -0.08993819 -0.03661696 0.83172536 2 0.04507368 -0.08421862 0.83172536 3
2 -0.11070870 -0.04881686 0.87359065 2 0.03790323 -0.10150320 0.87359065 3
1 -0.10534253 -0.06516155 0.89646107 1 0.03809326 -0.11958788 0.89646107 0
1 -0.13701932 -0.06208378 0.94528335 1 0.02472261 -0.12590997 0.94528335 0
1 -0.13281396 -0.06982089 0.96688890 1 0.01730360 -0.12845661 0.96688890 0
1 -0.12686348 -0.07417746 0.97832513 1 0.01915196 -0.13012584 0.97832513 0
1 -0.12434715 -0.07320190 0.98086458 1 0.02052363 -0.12897480 0.98086458 1
1 -0.12447179 -0.07080596 0.97711468 1 0.01491208 -0.12220048 0.97711468 1
1 -0.12631689 -0.06564340 0.96751446 1 0.00655843 -0.11318149 0.96751446 0
1 -0.13185635 -0.05659207 0.94935238 1 -0.00389310 -0.09970966 0.94935238 0
1 -0.13583288 -0.05147927 0.92690647 1 -0.01528641 -0.08712746 0.92690647 0
2 -0.12379155 -0.05021272 0.89221376 2 -0.02166345 -0.07902850 0.89221376 0
1 -0.11990403 -0.04404281 0.86472797 1 -0.02757513 -0.07125497 0.86472797 0
1 -0.11362564 -0.03883575 0.83102757 1 -0.03185708 -0.06518425 0.83102757 0
2 -0.08467098 -0.04174613 0.78498185 2 -0.02715127 -0.06433390 0.78498185 3
2 -0.07642371 -0.03559169 0.75689298 2 -0.02874622 -0.06329868 0.75689298 3
2 -0.05168909 -0.03619280 0.72345501 2 -0.02570596 -0.06816451 0.72345501 3
2 -0.01890306 -0.04390939 0.69933665 2 -0.01000501 -0.07935526 0.69933665 3
2 0.00811460 -0.04687624 0.67253423 2 0.00990857 -0.08888342 0.67253423 3
2 0.03983101 -0.05112367 0.65097022 2 0.02694262 -0.09786826 0.65097022 3
2 0.07198715 -0.05834490 0.63456720 2 0.04154559 -0.11163706 0.63456720 3
2 0.10795026 -0.07433739 0.62326419 2 0.07791524 -0.12724431 0.62326419 3
2 0.13294858 -0.08539335 0.61522037 2 0.10468976 -0.13916942 0.61522037 3
2 0.15339932 -0.09190662 0.61143583 2 0.12185030 -0.14463499 0.61143583 3
2 0.17348038 -0.09772793 0.60812998 2 0.12536667 -0.14315857 0.60812998 0
2 0.18355806 -0.10201826 0.60997564 2 0.13500452 -0.14289528 0.60997564 0
2 0.18728170 -0.10254644 0.60895163 2 0.14375864 -0.14020528 0.60895163 0
2 0.18676841 -0.10053772 0.61264348 2 0.15726924 -0.13719925 0.61264348 0
2 0.18201356 -0.09755921 0.61412531 2 0.15652274 -0.12936562 0.61412531 3
2 0.17304599 -0.09311783 0.61834008 2 0.15732165 -0.12257954 0.61834008 3
2 0.16015829 -0.08587714 0.62407929 2 0.15783532 -0.11632247 0.62407929 3
2 0.14470577 -0.08066937 0.63450241 2 0.15564953 -0.10988832 0.63450241 3
2 0.12043720 -0.06849249 0.64811534 2 0.14817458 -0.10123718 0.64811534 3
2 0.08579629 -0.04066525 0.65489405 2 0.13420402 -0.08548213 0.65489405 3
2 0.05569183 -0.03147704 0.67449987 2 0.12004306 -0.07553157 0.67449987 3
2 0.02278455 -0.02586963 0.69813991 2 0.10629651 -0.07377171 0.69813991 3
2 -0.01171128 -0.02160487 0.72828043 2 0.09056050 -0.07843682 0.72828043 3
2 -0.03722937 -0.02716223 0.75883120 2 0.07572756 -0.08746224 0.75883120 3
2 -0.06646132 -0.02910265 0.79363316 2 0.06166191 -0.09912377 0.79363316 3
2 -0.07943039 -0.04506586 0.83295053 2 0.05212590 -0.11604404 0.83295053 3
2 -0.08767007 -0.05981661 0.86279255 2 0.04608030 -0.13362554 0.86279255 3
2 -0.08199081 -0.07639884 0.88292956 2 0.04692697 -0.15102310 0.88292956 3
1 -0.07763854 -0.08733559 0.89813411 1 0.05040077 -0.16311270 0.89813411 0
1 -0.06940989 -0.09803121 0.90894204 1 0.05548896 -0.17108831 0.90894204 0
1 -0.06639946 -0.10203724 0.91555786 1 0.05631743 -0.17275378 0.91555786 0
1 -0.06838039 -0.09912434 0.91430408 1 0.05192082 -0.16863678 0.91430408 0
1 -0.07325081 -0.09187401 0.90938658 1 0.04442612 -0.15734430 0.90938658 0
1 -0.08776134 -0.07898647 0.90482271 1 0.03188359 -0.14199454 0.90482271 0
1 -0.08696450 -0.07267901 0.89170897 1 0.02188857 -0.12719201 0.89170897 0
1 -0.09936856 -0.04573542 0.87511224 1 0.00797741 -0.10555585 0.87511224 0
2 -0.07211556 -0.04912655 0.83839768 2 0.00857569 -0.09165221 0.83839768 3
1 -0.06487476 -0.03607174 0.80932820 1 0.01282062 -0.08085408 0.80932820 3
2 -0.03019550 -0.04334717 0.77690500 2 0.02356230 -0.07754321 0.77690500 3
2 -0.01037811 -0.03701218 0.75104040 2 0.03040145 -0.07465915 0.75104040 3
2 0.01910773 -0.03418316 0.72273630 2 0.03776465 -0.07211167 0.72273630 3
2 0.05049481 -0.03384996 0.69977009 2 0.05429208 -0.07523446 0.69977009 3
2 0.08290598 -0.03659639 0.67639637 2 0.07360201 -0.08178808 0.67639637 3
2 0.11598954 -0.04381420 0.65789193 2 0.08807226 -0.09011088 0.65789193 3
2 0.14788096 -0.05429728 0.64302844 2 0.10430618 -0.10421754 0.64302844 3
2 0.17774907 -0.06970932 0.63306344 2 0.11560653 -0.12034445 0.63306344 3
2 0.19946174 -0.07909887 0.62466568 2 0.13931391 -0.13514413 0.62466568 3
2 0.21903944 -0.09015194 0.61585712 2 0.16861124 -0.15533888 0.61585712 3
2 0.23488687 -0.10191599 0.61223352 2 0.17876460 -0.16567042 0.61223352 3
2 0.24586798 -0.10997388 0.61054426 2 0.18931510 -0.17463303 0.61054426 3
2 0.25293773 -0.11645043 0.61046767 2 0.20095891 -0.18070322 0.61046767 0
1 0.26121601 -0.10657527 0.59215158 1 0.20790589 -0.17495225 0.59215158 0
1 0.25396490 -0.10300051 0.59258634 1 0.19633043 -0.16131523 0.59258634 0
2 0.23657314 -0.10688619 0.61034942 2 0.18452109 -0.15810080 0.61034942 0
2 0.22061847 -0.09690394 0.61240965 2 0.17741007 -0.14883175 0.61240965 0
2 0.19826932 -0.07962668 0.61960506 2 0.17512389 -0.13632812 0.61960506 0
2 0.17290254 -0.06711812 0.63377613 2 0.16503003 -0.12050512 0.63377613 3
2 0.14432874 -0.05554236 0.65409672 2 0.15445572 -0.10918444 0.65409672 3
2 0.09842049 -0.02141049 0.66696984 2 0.13147661 -0.08874176 0.66696984 3
2 0.05938070 -0.01099598 0.68804932 2 0.10897774 -0.07370183 0.68804932 3
2 0.02218126 -0.00807186 0.72006255 2 0.09044637 -0.06770594 0.72006255 3
2 -0.01300025 -0.01048860 0.75344348 2 0.07406091 -0.07048336 0.75344348 3
2 -0.04784415 -0.01409471 0.78710961 2 0.05796578 -0.07941481 0.78710961 3
2 -0.06665692 -0.02758101 0.82357401 2 0.04715297 -0.09329320 0.82357401 3
1 -0.09740854 -0.03118291 0.86174953 1 0.03479635 -0.10470243 0.86174953 0
1 -0.10017566 -0.04678288 0.89023435 1 0.03093657 -0.12017078 0.89023435 0
1 -0.10812968 -0.06598467 0.92819154 1 0.02952353 -0.14135782 0.92819154 0
1 -0.10563397 -0.07283060 0.94252372 1 0.03105349 -0.15885554 0.94252372 0
2 -0.10535301 -0.08063114 0.95610344 2 0.03134609 -0.16794021 0.95610344 0
1 -0.10451744 -0.08036125 0.95684749 1 0.02967084 -0.16847794 0.95684749 0
2 -0.10007198 -0.08267466 0.95301211 2 0.02894390 -0.16859969 0.95301211 0
2 -0.10712378 -0.07638383 0.94189978 2 0.02441282 -0.16577381 0.94189978 0
2 -0.11081880 -0.06810346 0.91728377 2 0.01679472 -0.15528405 0.91728377 3
2 -0.10931463 -0.05764662 0.89011246 2 0.00991544 -0.13781345 0.89011246 3
2 -0.06023073 -0.06957705 0.84066814 2 0.02737553 -0.13284163 0.84066814 3
1 -0.05937112 -0.05802908 0.81420493 1 0.03809692 -0.13011704 0.81420493 3
2 -0.04604185 -0.04977246 0.78589374 2 0.04010468 -0.12053672 0.78589374 3
2 -0.03188503 -0.04220492 0.75610447 2 0.03442318 -0.09679728 0.75610447 3
1 -0.01136380 -0.03711900 0.72689605 1 0.03755997 -0.08480718 0.72689605 0
2 0.01233263 -0.03113836 0.69786650 2 0.04807625 -0.07772455 0.69786650 0
2 0.04373004 -0.03367344 0.67601240 2 0.06324484 -0.07771961 0.67601240 3
2 0.07353542 -0.03577126 0.65329981 2 0.07713989 -0.07941462 0.65329981 3
2 0.10479309 -0.04115311 0.63396221 2 0.09125345 -0.08328910 0.63396221 3
2 0.13656497 -0.05055846 0.61719722 2 0.10383818 -0.08943628 0.61719722 3
2 0.16337116 -0.05782787 0.60393476 2 0.12416560 -0.10331562 0.60393476 3
2 0.18944357 -0.06957599 0.59267497 2 0.13998394 -0.11966184 0.59267497 3
2 0.21180969 -0.07859758 0.58731836 2 0.15049581 -0.13240696 0.58731836 0
2 0.22964384 -0.08707338 0.58288229 2 0.16380233 -0.14230973 0.58288229 0
2 0.23876494 -0.09293858 0.58391434 2 0.17399523 -0.15171106 0.58391434 0
2 0.23997170 -0.09279499 0.58569837 2 0.17927240 -0.15646456 0.58569837 0
2 0.23590294 -0.09301383 0.58591419 2 0.18106268 -0.15750034 0.58591419 0
2 0.22774468 -0.08828950 0.59003192 2 0.17762022 -0.15263316 0.59003192 0
2 0.21270554 -0.07784810 0.59594792 2 0.16629839 -0.14216647 0.59594792 0
2 0.19194978 -0.06584740 0.60235614 2 0.15321703 -0.13100208 0.60235614 0
2 0.16664349 -0.05287973 0.61365718 2 0.14676492 -0.12187936 0.61365718 3
2 0.13662836 -0.04145670 0.63137335 2 0.13368247 -0.11009082 0.63137335 3
2 0.10214507 -0.02798731 0.65366131 2 0.10787100 -0.09307966 0.65366131 3
2 0.06624520 -0.01978537 0.68155324 2 0.08049939 -0.07941788 0.68155324 3
2 0.03158451 -0.01700304 0.71624613 2 0.07269894 -0.08180257 0.71624613 3
2 -0.00026194 -0.01793082 0.75308341 2 0.05710389 -0.07937933 0.75308341 3
2 -0.02183888 -0.02584661 0.79135042 2 0.04875418 -0.08144197 0.79135042 3
2 -0.04599505 -0.03075042 0.83087462 2 0.04475838 -0.09049967 0.83087462 3
1 -0.08389375 -0.02141733 0.87813365 1 0.03250602 -0.09757437 0.87813365 0
1 -0.06211229 -0.05899506 0.89799595 1 0.03631974 -0.11067674 0.89799595 0
1 -0.05902768 -0.07497188 0.91484350 1 0.05251456 -0.12917648 0.91484350 0
1 -0.04827445 -0.09129938 0.92327404 1 0.07068606 -0.15127714 0.92327404 0
1 -0.04671572 -0.09627982 0.92542440 1 0.07966282 -0.16399430 0.92542440 0
1 -0.05139385 -0.09320471 0.92271197 1 0.07579634 -0.16366693 0.92271197 0
1 -0.05770212 -0.08601393 0.91556108 1 0.07015291 -0.16008699 0.91556108 0
1 -0.05962616 -0.07909679 0.90250587 1 0.06892740 -0.15813360 0.90250587 0
2 -0.06896796 -0.06640193 0.88749224 2 0.06453487 -0.15355128 0.88749224 3
1 -0.06572941 -0.05533889 0.86226350 1 0.05817509 -0.14271757 0.86226350 3
2 -0.05926042 -0.04753869 0.83107209 2 0.05238571 -0.12920688 0.83107209 3
2 -0.04684851 -0.04057335 0.79336131 2 0.05488979 -0.12061128 0.79336131 3
2 -0.02776332 -0.03717449 0.75925100 2 0.06347993 -0.11726143 0.75925100 3
2 -0.00497629 -0.03453522 0.72453040 2 0.06902058 -0.11175744 0.72453040 3
2 0.02567939 -0.03600305 0.68746376 2 0.07517608 -0.10076783 0.68746376 3
2 0.05441815 -0.03699157 0.65868336 2 0.08596515 -0.09699807 0.65868336 3
2 0.08297352 -0.04115900 0.63234007 2 0.09875642 -0.09902159 0.63234007 3
2 0.12128168 -0.05173530 0.61143661 2 0.11324711 -0.10447461 0.61143661 3
2 0.14799626 -0.06208694 0.59505802 2 0.12285428 -0.11094483 0.59505802 3
2 0.17275584 -0.07338975 0.58328199 2 0.13258444 -0.12020199 0.58328199 3
2 0.19417603 -0.08427397 0.57735610 2 0.14400010 -0.13166943 0.57735610 3
2 0.21046758 -0.09423810 0.57192957 2 0.16005203 -0.14642216 0.57192957 3
2 0.22371590 -0.10247430 0.56885225 2 0.16758886 -0.15655543 0.56885225 0
2 0.23257653 -0.11047623 0.56807548 2 0.16633172 -0.16029456 0.56807548 0
2 0.23524144 -0.11254456 0.56644082 2 0.17371343 -0.16528766 0.56644082 0
2 0.23180449 -0.11283581 0.56627882 2 0.17597498 -0.16761002 0.56627882 0
2 0.22743669 -0.10957115 0.56778044 2 0.17251848 -0.16531336 0.56778044 0
2 0.21375795 -0.10306166 0.57355314 2 0.16471660 -0.15851030 0.57355314 0
2 0.19610555 -0.09318391 0.57854384 2 0.15683730 -0.15150294 0.57854384 0
2 0.17375720 -0.07969914 0.58982468 2 0.14643300 -0.14404790 0.58982468 0
2 0.14694519 -0.07149992 0.60843593 2 0.12773311 -0.13601352 0.60843593 3
2 0.11248495 -0.04814616 0.62872064 2 0.10148500 -0.11870074 0.62872064 3
2 0.07900022 -0.03582945 0.65461862 2 0.08685498 -0.10745174 0.65461862 3
2 0.04676640 -0.03000136 0.68012810 2 0.06834151 -0.10007089 0.68012810 3
2 0.01535512 -0.02588111 0.71320009 2 0.05343983 -0.10015462 0.71320009 3
2 -0.01235967 -0.02720107 0.74707150 2 0.03859716 -0.10074646 0.74707150 3
2 -0.03107938 -0.03291301 0.77741814 2 0.02995645 -0.10047682 0.77741814 3
2 -0.06024348 -0.03371388 0.81435645 2 0.01950269 -0.09796810 0.81435645 3
1 -0.08908136 -0.02622433 0.84857213 1 0.01186949 -0.10304127 0.84857213 0
1 -0.07749121 -0.05569560 0.86635906 1 0.01843861 -0.12078547 0.86635906 0
1 -0.06750563 -0.06884040 0.87849402 1 0.03503421 -0.13818799 0.87849402 0
1 -0.08886921 -0.06100762 0.89639264 1 0.04065481 -0.14420487 0.89639264 0
1 -0.08985278 -0.06129044 0.90033853 1 0.03913584 -0.14591010 0.90033853 0
1 -0.08937197 -0.05840276 0.89652842 1 0.04020265 -0.14714777 0.89652842 0
1 -0.08872089 -0.05179297 0.88695705 1 0.04721263 -0.14869642 0.88695705 0
1 -0.08555036 -0.04364462 0.87170124 1 0.05420556 -0.14602007 0.87170124 0
2 -0.06479502 -0.04415582 0.84621346 2 0.06411456 -0.14351250 0.84621346 3
1 -0.05757136 -0.03206944 0.82467645 1 0.06909268 -0.13594127 0.82467645 3
2 -0.03414842 -0.03126028 0.79622638 2 0.07666386 -0.12894906 0.79622638 3
2 -0.01868123 -0.02370125 0.77094483 2 0.08431651 -0.11833272 0.77094483 3
2 0.00405780 -0.01929552 0.74218154 2 0.09399934 -0.10909224 0.74218154 3
2 0.03255158 -0.01925813 0.71745372 2 0.10572474 -0.10363726 0.71745372 3
2 0.06347091 -0.02427475 0.69246042 2 0.12001403 -0.10337458 0.69246042 3
2 0.09534688 -0.03135081 0.67252874 2 0.13287556 -0.09662439 0.67252874 3
2 0.13410231 -0.06278209 0.66100949 2 0.15066518 -0.10828327 0.66100949 3
2 0.15944771 -0.07082818 0.64558858 2 0.16261588 -0.11741170 0.64558858 3
2 0.18652324 -0.08435830 0.63201141 2 0.17191586 -0.12450466 0.63201141 3
2 0.20824760 -0.10264397 0.62328511 2 0.17985843 -0.13449673 0.62328511 3
2 0.22726868 -0.12207020 0.61494774 2 0.18632349 -0.14855546 0.61494774 0
2 0.24701741 -0.14495093 0.61604166 2 0.19494800 -0.16850369 0.61604166 0
2 0.26243058 -0.16274704 0.61332172 2 0.20218298 -0.18992478 0.61332172 2
-999
