2 0.06375732 -0.03106203 0.79253298 2 0.24696866 0.11272764 0.79253298 3
2 0.05229568 -0.03085677 0.79453379 2 0.23912515 0.11201199 0.79453379 3
2 0.03628924 -0.02759106 0.79855698 2 0.22751449 0.11324775 0.79855698 3
2 0.01588338 -0.02125321 0.80366570 2 0.21303207 0.11427816 0.80366570 3
2 0.00400901 -0.01227070 0.80477881 2 0.20119128 0.11403080 0.80477881 3
2 -0.01218799 0.00298316 0.81026942 2 0.18984212 0.11866217 0.81026942 3
2 -0.03587969 0.02309081 0.80909747 2 0.17438146 0.12760821 0.80909747 3
2 -0.04056339 0.04300628 0.80719519 2 0.16411062 0.13833815 0.80719519 3
2 -0.04390522 0.06525164 0.80446869 2 0.15986317 0.14931741 0.80446869 3
2 -0.04664595 0.08984509 0.79835731 2 0.15819804 0.16265212 0.79835731 3
2 -0.04402513 0.11622846 0.79642934 2 0.15737036 0.17885387 0.79642934 3
2 -0.03636420 0.13937289 0.78991580 2 0.15834321 0.19468074 0.78991580 3
2 -0.02167770 0.15970702 0.78232116 2 0.16506846 0.20834839 0.78232116 3
2 -0.00756572 0.17741548 0.77225482 2 0.17499715 0.22011949 0.77225482 3
2 0.01770384 0.19049510 0.76772571 2 0.18877576 0.22976279 0.76772571 3
2 0.03971809 0.20097284 0.76099473 2 0.20327792 0.23677629 0.76099473 3
2 0.06664108 0.20755817 0.75546175 2 0.22052579 0.24186943 0.75546175 3
2 0.09605886 0.20551781 0.74791062 2 0.24068630 0.24193437 0.74791062 3
2 0.12560615 0.19826475 0.74274975 2 0.26233873 0.23745689 0.74274975 3
2 0.15659659 0.18394434 0.73973405 2 0.28440407 0.22837673 0.73973405 3
2 0.18160352 0.16286008 0.73411071 2 0.30356941 0.21455242 0.73411071 3
2 0.20332983 0.13704196 0.73055524 2 0.32031572 0.19650146 0.73055524 3
2 0.21995193 0.10841244 0.73121828 2 0.33366388 0.17594908 0.73121828 3
2 0.23213500 0.07152949 0.73314470 2 0.34337068 0.15089297 0.73314470 0
2 0.23516403 0.03713590 0.73307186 2 0.34718373 0.12437026 0.73307186 0
2 0.23229083 -0.00187363 0.74065900 2 0.34609339 0.09608172 0.74065900 3
2 0.22214666 -0.03751255 0.74178088 2 0.34006569 0.06814245 0.74178088 3
2 0.21112120 -0.07308550 0.75272799 2 0.33160365 0.04121340 0.75272799 3
2 0.19114950 -0.10251203 0.76093483 2 0.31893185 0.01709099 0.76093483 3
2 0.16850390 -0.12480078 0.77261353 2 0.30265516 -0.00211016 0.77261353 3
2 0.14481591 -0.13740623 0.78292137 2 0.28472951 -0.01448105 0.78292137 3
2 0.12130646 -0.14154086 0.79106873 2 0.26697212 -0.01925505 0.79106873 3
2 0.09821401 -0.13879290 0.80191535 2 0.24952099 -0.01906661 0.80191535 3
2 0.07676068 -0.12925279 0.81057787 2 0.23292495 -0.01477503 0.81057787 0
2 0.06715087 -0.11700948 0.81500024 2 0.22209124 -0.00682629 0.81500024 0
2 0.02592774 -0.09094644 0.82080466 2 0.20050937 0.00868990 0.82080466 3
2 0.02092902 -0.07090162 0.81956643 2 0.18591315 0.02538384 0.81956643 3
2 0.00138530 -0.04206304 0.81819630 2 0.17334658 0.04420594 0.81819630 3
2 -0.00820492 -0.01490560 0.81591535 2 0.16505519 0.06384243 0.81591535 3
2 -0.01677343 0.01289950 0.81122249 2 0.15799576 0.08436242 0.81122249 3
2 -0.02281287 0.04193714 0.80638617 2 0.15139490 0.10566006 0.80638617 3
2 -0.02435064 0.06872408 0.79913592 2 0.14791156 0.12595680 0.79913592 3
2 -0.02055462 0.09582730 0.79097623 2 0.14925109 0.14541870 0.79097623 3
2 -0.01339383 0.12285938 0.78336799 2 0.15346041 0.16501316 0.78336799 3
2 0.00025993 0.14478490 0.77671051 2 0.16107769 0.18300587 0.77671051 3
2 0.02010049 0.16199596 0.77100152 2 0.17327839 0.19682309 0.77100152 3
2 0.03944362 0.17512882 0.76237392 2 0.18761906 0.20702270 0.76237392 3
2 0.06319768 0.18450804 0.75929046 2 0.20395897 0.21449843 0.75929046 3
2 0.08795397 0.18840092 0.75472927 2 0.22106919 0.21909939 0.75472927 3
2 0.11349264 0.18593051 0.75021160 2 0.23922563 0.21957688 0.75021160 3
2 0.13988110 0.17701319 0.74861825 2 0.25831676 0.21435124 0.74861825 3
2 0.16476645 0.16039203 0.74343801 2 0.27724117 0.20362927 0.74343801 3
2 0.18422076 0.13919507 0.74129111 2 0.29281595 0.18906087 0.74129111 3
2 0.19846451 0.11230426 0.73907495 2 0.30380288 0.17075454 0.73907495 0
2 0.20948017 0.08122817 0.74030066 2 0.31212124 0.14890921 0.74030066 0
2 0.21591754 0.04710113 0.74195290 2 0.31806582 0.12379624 0.74195290 3
2 0.21481678 0.01266975 0.74649829 2 0.31922409 0.09793894 0.74649829 3
2 0.21055140 -0.01944377 0.74649441 2 0.31631073 0.07375591 0.74649441 3
2 0.20244105 -0.05314182 0.75261635 2 0.31063801 0.04953356 0.75261635 3
2 0.19008398 -0.08391015 0.75857502 2 0.30272451 0.02541648 0.75857502 3
2 0.17115626 -0.10961496 0.76577693 2 0.29068509 0.00419376 0.76577693 3
2 0.14953008 -0.12759203 0.77519828 2 0.27476162 -0.01123598 0.77519828 3
2 0.13178249 -0.13807291 0.78153437 2 0.25959253 -0.02020415 0.78153437 3
2 0.10523710 -0.14012378 0.79049039 2 0.24230468 -0.02410403 0.79049039 3
2 0.08601160 -0.13684341 0.79959053 2 0.22648278 -0.02363038 0.79959053 3
2 0.06229573 -0.12643285 0.80683458 2 0.20957626 -0.01802422 0.80683458 3
2 0.04867366 -0.11199944 0.81116378 2 0.19640170 -0.00832598 0.81116378 3
2 0.01909020 -0.08896867 0.81704015 2 0.17875923 0.00614993 0.81704015 3
2 0.01442321 -0.06680550 0.81536233 2 0.16814414 0.02216962 0.81536233 3
2 -0.00380796 -0.03852737 0.81275707 2 0.15743761 0.04117602 0.81275707 3
2 -0.01048345 -0.01209056 0.81158680 2 0.14965160 0.06109233 0.81158680 3
2 -0.02310517 0.01763092 0.80582362 2 0.14093253 0.08197508 0.80582362 3
2 -0.02742737 0.04642493 0.80132997 2 0.13477106 0.10311054 0.80132997 3
2 -0.02629736 0.07500956 0.79335392 2 0.13347903 0.12421228 0.79335392 3
2 -0.02283780 0.10238438 0.78352928 2 0.13519374 0.14469445 0.78352928 3
2 -0.01410139 0.12895900 0.77576691 2 0.13989110 0.16464679 0.77576691 3
2 -0.00556402 0.15554433 0.76511538 2 0.14520374 0.18395883 0.76511538 3
2 0.02283383 0.16527671 0.75936729 2 0.16019458 0.19591257 0.75936729 3
2 0.04073199 0.17743433 0.74915671 2 0.17658059 0.20401216 0.74915671 3
2 0.06383843 0.18693370 0.74087805 2 0.19274500 0.21088922 0.74087805 3
2 0.08902972 0.19036222 0.73370999 2 0.20920818 0.21576509 0.73370999 3
2 0.11725678 0.18565187 0.73005587 2 0.22820891 0.21534894 0.73005587 3
2 0.14525655 0.17590837 0.72669524 2 0.24935035 0.20921178 0.72669524 3
2 0.17022419 0.16026665 0.72477788 2 0.26915246 0.19875342 0.72477788 3
2 0.19004132 0.13910526 0.72603256 2 0.28421247 0.18462346 0.72603256 3
2 0.20790718 0.11309774 0.72745889 2 0.29672149 0.16665196 0.72745889 3
2 0.21959236 0.08189103 0.72829556 2 0.30625290 0.14473662 0.72829556 3
2 0.22752929 0.04839881 0.73648489 2 0.31279111 0.12051784 0.73648489 3
2 0.22825290 0.01260376 0.74354422 2 0.31437263 0.09417318 0.74354422 3
2 0.22315373 -0.02041502 0.74705851 2 0.31032583 0.06815742 0.74705851 3
2 0.21627010 -0.05684141 0.75721520 2 0.30391398 0.04179784 0.75721520 3
2 0.20481031 -0.08752270 0.76497090 2 0.29561451 0.01805302 0.76497090 3
2 0.18379724 -0.11488586 0.77570599 2 0.28178692 -0.00365389 0.77570599 3
2 0.16296926 -0.13464549 0.78400171 2 0.26439738 -0.02018376 0.78400171 3
2 0.13995774 -0.14748238 0.79236853 2 0.24639891 -0.03110386 0.79236853 3
2 0.11367156 -0.15376060 0.80353779 2 0.22762872 -0.03681444 0.80353779 3
2 0.09471261 -0.15563162 0.80831480 2 0.21067761 -0.03901500 0.80831480 3
2 0.06619919 -0.14766155 0.81789839 2 0.19095498 -0.03628187 0.81789839 3
2 0.04764251 -0.13808919 0.82362014 2 0.17293638 -0.02977498 0.82362014 3
2 0.01609588 -0.11871781 0.82532471 2 0.15132314 -0.01676581 0.82532471 3
2 0.00384091 -0.09995313 0.82487392 2 0.13554758 -0.00240945 0.82487392 3
2 -0.00837367 -0.07403514 0.82104081 2 0.12511009 0.01426203 0.82104081 3
2 -0.03110898 -0.04114977 0.81629354 2 0.11084970 0.03603080 0.81629354 3
2 -0.03727985 -0.00983906 0.80967659 2 0.09923002 0.06064114 0.80967659 3
2 -0.04430879 0.02198892 0.80421621 2 0.09189045 0.08514284 0.80421621 3
2 -0.04660711 0.05772509 0.79628026 2 0.08900737 0.11069254 0.79628026 3
2 -0.04121275 0.08935979 0.78702253 2 0.09126699 0.13458130 0.78702253 3
2 -0.03165531 0.12308162 0.77946615 2 0.09587206 0.16045047 0.77946615 3
2 -0.01702258 0.15181021 0.76995182 2 0.10343927 0.18695419 0.76995182 3
2 0.00697094 0.17337489 0.76411146 2 0.11995883 0.20381579 0.76411146 3
2 0.03033069 0.18768962 0.75855994 2 0.13828219 0.21584360 0.75855994 3
2 0.05754923 0.19890267 0.75517857 2 0.15789321 0.22453783 0.75517857 3
2 0.08387002 0.20468029 0.75019032 2 0.17726773 0.22970398 0.75019032 3
2 0.11103692 0.20345488 0.75171363 2 0.19708231 0.23040856 0.75171363 3
2 0.13958922 0.19118804 0.75023013 2 0.21828833 0.22483528 0.75023013 3
2 0.16396296 0.17135987 0.74687201 2 0.23825864 0.21200298 0.74687201 3
2 0.18785872 0.14240423 0.75026596 2 0.25546795 0.19123830 0.75026596 3
2 0.19969516 0.11235499 0.74520350 2 0.26729527 0.16918972 0.74520350 3
2 0.21375400 0.07267103 0.74702948 2 0.27662891 0.14222731 0.74702948 3
2 0.21768877 0.03231853 0.74955285 2 0.28165367 0.11143584 0.74955285 3
2 0.21802884 -0.00856480 0.74967980 2 0.28306943 0.07972235 0.74967980 3
2 0.21507724 -0.04859839 0.75451201 2 0.28093606 0.04935474 0.75451201 3
2 0.20767121 -0.08691943 0.75935054 2 0.27572966 0.01978603 0.75935054 3
2 0.18877532 -0.12109298 0.76597029 2 0.26408187 -0.00792060 0.76597029 3
2 0.16940945 -0.14658135 0.77473098 2 0.24964920 -0.03066610 0.77473098 3
2 0.14705260 -0.16202419 0.78037733 2 0.23308788 -0.04561509 0.78037733 3
2 0.12013562 -0.16947034 0.78792024 2 0.21458666 -0.05348211 0.78792024 3
2 0.09607658 -0.17085756 0.79579425 2 0.19620030 -0.05671898 0.79579425 0
2 0.07282577 -0.16625540 0.80452400 2 0.17908268 -0.05549442 0.80452400 0
2 0.05061640 -0.15496328 0.80821383 2 0.16291778 -0.04959714 0.80821383 3
2 0.03491689 -0.14059480 0.81192553 2 0.14948732 -0.04062329 0.81192553 3
2 0.01365033 -0.11847955 0.81366324 2 0.13523832 -0.02759370 0.81366324 3
2 -0.00560245 -0.09496110 0.81172752 2 0.12042536 -0.01207215 0.81172752 3
2 -0.01548393 -0.06984796 0.80763298 2 0.10941122 0.00490600 0.80763298 3
2 -0.02534868 -0.04086934 0.80224925 2 0.10140853 0.02322840 0.80224925 3
2 -0.03298565 -0.01053662 0.79657567 2 0.09482659 0.04306179 0.79657567 3
2 -0.03330763 0.01955972 0.78733981 2 0.09148121 0.06409730 0.78733981 3
2 -0.03225941 0.05379866 0.77924311 2 0.09091800 0.08705541 0.77924311 3
2 -0.02083283 0.08391041 0.77196425 2 0.09573006 0.10910680 0.77196425 3
2 -0.00660306 0.11350419 0.76379466 2 0.10539108 0.13084564 0.76379466 3
2 0.00923008 0.14447786 0.75545007 2 0.11682823 0.15296707 0.75545007 3
2 0.03946627 0.15710947 0.75067115 2 0.13482514 0.16677603 0.75067115 3
2 0.06250001 0.17228426 0.74572414 2 0.15390955 0.17684537 0.74572414 3
2 0.08797622 0.18291603 0.74466884 2 0.17301886 0.18532281 0.74466884 3
2 0.11416267 0.18599141 0.74105603 2 0.19178541 0.19051819 0.74105603 3
2 0.14164250 0.18293278 0.74062508 2 0.21150777 0.19017208 0.74062508 3
2 0.16753432 0.17433229 0.74052590 2 0.23161031 0.18424433 0.74052590 3
2 0.19047576 0.15884374 0.74190414 2 0.24989164 0.17370529 0.74190414 3
2 0.21141787 0.13641521 0.74126202 2 0.26575926 0.15897438 0.74126202 3
2 0.22587159 0.11027335 0.74175060 2 0.27808541 0.14058989 0.74175060 3
2 0.23763858 0.07712243 0.74326485 2 0.28762466 0.11716501 0.74326485 3
2 0.24454716 0.04079397 0.74994385 2 0.29467300 0.09009780 0.74994385 3
2 0.24571556 0.00215793 0.75371885 2 0.29788688 0.06247199 0.75371885 3
2 0.24235187 -0.03685513 0.75395548 2 0.29689205 0.03336924 0.75395548 3
2 0.23638177 -0.07659975 0.75806665 2 0.29345912 0.00346030 0.75806665 3
2 0.22668776 -0.11328399 0.76536459 2 0.28838310 -0.02475988 0.76536459 3
2 0.20844002 -0.14910157 0.77170563 2 0.27844194 -0.05117838 0.77170563 3
2 0.19038156 -0.17372736 0.77713352 2 0.26561111 -0.07270984 0.77713352 0
2 0.16807717 -0.18979038 0.78273964 2 0.25082871 -0.08677635 0.78273964 0
2 0.14315487 -0.19533333 0.78779525 2 0.23474132 -0.09248905 0.78779525 0
2 0.11805175 -0.19159199 0.79335922 2 0.21743846 -0.08976440 0.79335922 0
2 0.09465056 -0.18104056 0.79821938 2 0.20116641 -0.08175484 0.79821938 3
2 0.07467914 -0.16707809 0.80177474 2 0.18796353 -0.07069986 0.80177474 3
2 0.05724544 -0.14872272 0.80538243 2 0.17707241 -0.05849811 0.80538243 3
2 0.03390389 -0.12253550 0.80598283 2 0.16362248 -0.04081730 0.80598283 3
2 0.02957268 -0.10314526 0.80628669 2 0.15709741 -0.02288100 0.80628669 3
2 0.01383275 -0.07336652 0.80192840 2 0.15219481 -0.00265424 0.80192840 3
2 0.01063434 -0.04764919 0.79845232 2 0.14997274 0.01723820 0.79845232 3
2 -0.00606565 -0.01138649 0.78998059 2 0.14426821 0.04275493 0.78998059 3
2 -0.00183899 0.01396529 0.78684163 2 0.14367299 0.06539904 0.78684163 3
2 0.00432452 0.04105134 0.77935517 2 0.14993797 0.08424626 0.77935517 3
2 0.01599158 0.06559761 0.76978660 2 0.16027783 0.10085465 0.76978660 3
2 0.02630946 0.09324935 0.76396066 2 0.16920394 0.11851531 0.76396066 3
2 0.04306821 0.11539263 0.75687110 2 0.17900641 0.13513118 0.75687110 3
2 0.06388333 0.13228866 0.74996430 2 0.19199198 0.14518972 0.74996430 3
2 0.08553241 0.14623512 0.74491626 2 0.20676199 0.14877880 0.74491626 3
2 0.11003120 0.15503518 0.74014610 2 0.22134921 0.14801088 0.74014610 3
2 0.13489923 0.15845360 0.73513383 2 0.23494159 0.14585769 0.73513383 3
2 0.15951268 0.15599476 0.73420310 2 0.24803294 0.14086975 0.73420310 3
2 0.18589710 0.14778711 0.73445582 2 0.26279056 0.13100304 0.73445582 3
2 0.20723884 0.13594618 0.73492885 2 0.27593672 0.11831370 0.73492885 3
2 0.22657900 0.12138920 0.73635662 2 0.28572944 0.10602132 0.73635662 3
2 0.24249578 0.10087889 0.73892844 2 0.29233539 0.09352984 0.73892844 3
2 0.25664863 0.07518083 0.74413711 2 0.29905590 0.07588349 0.74413711 3
2 0.26375544 0.04932815 0.74866420 2 0.30408487 0.05555786 0.74866420 3
2 0.26803467 0.01994864 0.75573719 2 0.30531439 0.03598312 0.75573719 0
2 0.26654547 -0.00986859 0.75959700 2 0.30006275 0.02095246 0.75959700 0
2 0.26105440 -0.03899805 0.76441491 2 0.29207233 0.00711953 0.76441491 0
2 0.25467616 -0.07097871 0.76604575 2 0.28552130 -0.01393023 0.76604575 0
2 0.24346015 -0.09930331 0.77167493 2 0.27614546 -0.03010636 0.77167493 0
2 0.22768189 -0.12502319 0.77513266 2 0.26393685 -0.04221836 0.77513266 0
2 0.20319085 -0.14763208 0.77980149 2 0.24652834 -0.05109365 0.77980149 3
2 0.17996858 -0.16292745 0.78469241 2 0.22964366 -0.06028377 0.78469241 3
2 0.15498175 -0.17172964 0.78946149 2 0.21484369 -0.06489786 0.78946149 3
2 0.12806015 -0.17194383 0.79316199 2 0.20112084 -0.06434682 0.79316199 3
2 0.10525358 -0.16795993 0.79704064 2 0.18427043 -0.05411969 0.79704064 0
2 0.07904445 -0.15752362 0.80013633 2 0.17117110 -0.04573088 0.80013633 0
2 0.06128977 -0.14401408 0.79845828 2 0.16219826 -0.03512646 0.79845828 3
2 0.04216339 -0.12526731 0.79832393 2 0.15492268 -0.02167846 0.79832393 3
2 0.01913844 -0.10162786 0.79458517 2 0.14534894 -0.00338234 0.79458517 3
2 0.00364523 -0.07567310 0.79172248 2 0.13690943 0.01581741 0.79172248 3
2 -0.00101812 -0.05121323 0.78494668 2 0.13713054 0.03151406 0.78494668 3
2 -0.02132226 -0.01702171 0.77756965 2 0.13556926 0.04404968 0.77756965 3
2 -0.02413575 0.01176874 0.77140641 2 0.13327040 0.06001708 0.77140641 3
2 -0.02481342 0.04254419 0.76484585 2 0.13430598 0.07477725 0.76484585 3
2 -0.01691969 0.07334018 0.75762594 2 0.14021477 0.08810011 0.75762594 3
2 -0.00592336 0.10147740 0.75033927 2 0.14924036 0.09840118 0.75033927 3
2 0.00604167 0.13252816 0.74565494 2 0.15717871 0.11007087 0.74565494 3
2 0.03054156 0.14905509 0.74316859 2 0.16810738 0.11751326 0.74316859 3
2 0.05103460 0.16556333 0.74174505 2 0.17996411 0.12299745 0.74174505 3
2 0.07301372 0.17865035 0.73907441 2 0.19226970 0.12630740 0.73907441 3
2 0.09840106 0.18513457 0.73923814 2 0.20472489 0.12890416 0.73923814 3
2 0.12417904 0.18391687 0.73995233 2 0.21754296 0.12883219 0.73995233 3
2 0.15089767 0.17786746 0.74145722 2 0.23236980 0.12597167 0.74145722 3
2 0.17731145 0.16478369 0.74374455 2 0.24910660 0.11986487 0.74374455 3
2 0.19985610 0.14632611 0.74485487 2 0.26429465 0.11085077 0.74485487 3
2 0.21986540 0.12375979 0.74664921 2 0.27715936 0.09930627 0.74664921 3
2 0.23610656 0.09687350 0.75204563 2 0.28800681 0.08471863 0.75204563 3
2 0.25125521 0.06384628 0.75868857 2 0.29870108 0.06503808 0.75868857 3
2 0.25810310 0.03329193 0.76333642 2 0.30657762 0.04418442 0.76333642 3
2 0.26457846 -0.00178616 0.77212673 2 0.31198528 0.02171266 0.77212673 3
2 0.26569757 -0.03470184 0.77694738 2 0.31441545 -0.00120957 0.77694738 0
2 0.26389644 -0.06956472 0.78246242 2 0.31507587 -0.02552975 0.78246242 0
2 0.25707883 -0.09999521 0.78702146 2 0.31290749 -0.04951873 0.78702146 0
2 0.24484758 -0.12907380 0.79184490 2 0.30654868 -0.07155935 0.79184490 0
2 0.22352226 -0.15611163 0.79618710 2 0.29353401 -0.09166881 0.79618710 0
2 0.20297149 -0.17449988 0.80149561 2 0.27788886 -0.10820615 0.80149561 0
2 0.17940544 -0.18425144 0.80340248 2 0.26192379 -0.11861304 0.80340248 3
2 0.15249032 -0.18595056 0.80312413 2 0.24423189 -0.12226924 0.80312413 3
2 0.12940329 -0.18015251 0.80388397 2 0.22652741 -0.11918216 0.80388397 3
2 0.10322645 -0.16763328 0.80361056 2 0.20811969 -0.11093885 0.80361056 3
2 0.08257446 -0.15189719 0.80267447 2 0.19201165 -0.10023117 0.80267447 3
2 0.06451019 -0.13405275 0.80120790 2 0.17861049 -0.08728699 0.80120790 3
2 0.04377066 -0.10882649 0.79637778 2 0.16439693 -0.06992204 0.79637778 3
2 0.02884366 -0.08494215 0.79191595 2 0.15131043 -0.05061070 0.79191595 3
2 0.01382043 -0.05535090 0.78690517 2 0.13926224 -0.02977913 0.78690517 3
2 0.01049337 -0.02937019 0.78284705 2 0.13376808 -0.00963197 0.78284705 3
2 -0.01138120 0.00880649 0.77222246 2 0.12301957 0.01573902 0.77222246 3
2 -0.01417847 0.03756134 0.76897937 2 0.11496062 0.04024231 0.76897937 3
2 -0.00616415 0.06511293 0.76225126 2 0.11595790 0.06160999 0.76225126 3
2 0.00094194 0.09549028 0.75641501 2 0.12295792 0.08224649 0.75641501 3
2 0.01053959 0.12573287 0.74979007 2 0.13062803 0.10451127 0.74979007 3
2 0.03546094 0.13868435 0.74487031 2 0.14360797 0.12003634 0.74487031 3
2 0.05741172 0.15249743 0.74052429 2 0.15986681 0.12983252 0.74052429 3
2 0.08309238 0.16180465 0.73569405 2 0.17876290 0.13615562 0.73569405 3
2 0.11051010 0.16483021 0.73264563 2 0.19909537 0.14031973 0.73264563 3
2 0.13848507 0.16360320 0.73231512 2 0.21928160 0.14153600 0.73231512 3
2 0.17028020 0.15566857 0.73343617 2 0.24096692 0.13760647 0.73343617 3
2 0.19606018 0.14304148 0.73567808 2 0.26187041 0.12812176 0.73567808 3
2 0.21993126 0.12628940 0.73771709 2 0.28092131 0.11595798 0.73771709 3
2 0.24079351 0.10457287 0.74479449 2 0.29678187 0.10212373 0.74479449 3
2 0.26031122 0.07789283 0.75496262 2 0.31053838 0.08378796 0.75496262 3
2 0.27011511 0.05208097 0.76080167 2 0.32023010 0.06102058 0.76080167 3
2 0.27557561 0.02444544 0.77031821 2 0.32510805 0.03735525 0.77031821 0
2 0.27748820 -0.00685695 0.78067696 2 0.32684681 0.01268079 0.78067696 0
2 0.27135611 -0.03541538 0.78393328 2 0.32358420 -0.01011085 0.78393328 0
2 0.26332688 -0.06729010 0.79052323 2 0.31536001 -0.03294799 0.79052323 0
2 0.25016508 -0.09613494 0.79231209 2 0.30266392 -0.05470731 0.79231209 0
2 0.23220222 -0.12293737 0.79332060 2 0.28683016 -0.07426208 0.79332060 0
2 0.20909767 -0.14899032 0.80030465 2 0.26907909 -0.09159876 0.80030465 3
2 0.18568872 -0.16658619 0.79997450 2 0.24627765 -0.10297452 0.79997450 3
2 0.16007136 -0.17897221 0.80177844 2 0.22168095 -0.10883726 0.80177844 0
2 0.13334183 -0.18433052 0.80022120 2 0.20241559 -0.10983550 0.80022120 0
2 0.10767272 -0.18543720 0.80078119 2 0.18239008 -0.10607285 0.80078119 0
2 0.08242480 -0.18067510 0.80102330 2 0.16248497 -0.09785801 0.80102330 0
2 0.06113167 -0.16946302 0.79612815 2 0.14678784 -0.08509054 0.79612815 0
2 0.03652696 -0.14965399 0.79058367 2 0.13246556 -0.06713620 0.79058367 0
2 0.02323567 -0.12684874 0.78312284 2 0.12319527 -0.04540074 0.78312284 3
2 0.00704865 -0.09921186 0.77526617 2 0.11552303 -0.02159446 0.77526617 3
2 -0.00599602 -0.06566880 0.76617676 2 0.11235688 0.00413107 0.76617676 3
2 -0.01022585 -0.03066910 0.75908732 2 0.11276940 0.03183364 0.75908732 3
2 -0.02030918 0.00726927 0.74997908 2 0.11414986 0.06095401 0.74997908 3
2 -0.01537726 0.03971855 0.74661374 2 0.12107698 0.08621401 0.74661374 3
2 -0.00884617 0.07787185 0.74214935 2 0.13309376 0.11061656 0.74214935 3
2 0.00599700 0.10817780 0.73713821 2 0.15128076 0.13048215 0.73713821 3
2 0.02640773 0.13554429 0.73476046 2 0.17214255 0.14597172 0.73476046 3
2 0.04593267 0.15644583 0.73405129 2 0.19252291 0.15652078 0.73405129 3
2 0.06951156 0.17348072 0.73496062 2 0.21294731 0.16220121 0.73496062 3
2 0.09510591 0.18232204 0.73469681 2 0.23466092 0.16074343 0.73469681 3
2 0.12241150 0.18649213 0.73884493 2 0.25608951 0.15572077 0.73884493 3
2 0.15085347 0.18456028 0.74150425 2 0.27630633 0.14566515 0.74150425 3
2 0.17762116 0.17745331 0.74828005 2 0.29348257 0.13259742 0.74828005 3
2 0.20313643 0.16271040 0.75308073 2 0.30937836 0.11408345 0.75308073 3
2 0.22324933 0.14429714 0.75993246 2 0.32088795 0.09293263 0.75993246 3
2 0.23989306 0.12000507 0.76484889 2 0.32880878 0.07011469 0.76484889 3
2 0.25238627 0.09358284 0.77339524 2 0.33204645 0.04800856 0.77339524 3
2 0.26353168 0.06012387 0.78426242 2 0.33293426 0.02431705 0.78426242 3
2 0.26395488 0.02885482 0.79126960 2 0.33043358 0.00106318 0.79126960 0
2 0.26224759 -0.00563815 0.79983258 2 0.32638317 -0.02162911 0.79983258 0
2 0.25489533 -0.03698162 0.80421060 2 0.31836134 -0.04155291 0.80421060 3
2 0.24522114 -0.06937487 0.81102061 2 0.30054063 -0.05801919 0.81102061 3
2 0.23162745 -0.09955468 0.81280208 2 0.29099405 -0.07571338 0.81280208 3
2 0.20990448 -0.12705523 0.81579787 2 0.27243742 -0.08932785 0.81579787 3
2 0.18861899 -0.14920682 0.81767708 2 0.25407702 -0.09983933 0.81767708 3
2 0.16356343 -0.16615023 0.81921870 2 0.23388980 -0.10589890 0.81921870 3
2 0.14208022 -0.17940304 0.81865758 2 0.21597163 -0.10908818 0.81865758 3
2 0.10962303 -0.18076159 0.81668252 2 0.19545621 -0.10697697 0.81668252 3
2 0.09101598 -0.18199171 0.81748837 2 0.17875502 -0.10082318 0.81748837 3
2 0.06028805 -0.17183131 0.81717545 2 0.16048224 -0.08880906 0.81717545 3
2 0.04620131 -0.16255549 0.81278735 2 0.14982529 -0.07619767 0.81278735 3
2 0.03173012 -0.14703844 0.80938524 2 0.14483209 -0.06239684 0.80938524 3
2 0.00634892 -0.12049799 0.80234718 2 0.13527648 -0.04314976 0.80234718 3
2 -0.00206653 -0.09882548 0.79878443 2 0.12996130 -0.02318169 0.79878443 3
2 -0.01828831 -0.06492431 0.79039311 2 0.12538390 -0.00014852 0.79039311 3
2 -0.01996805 -0.03627067 0.78255355 2 0.12784788 0.02123652 0.78255355 3
2 -0.03306345 0.00391170 0.77302504 2 0.12904568 0.04514121 0.77302504 3
2 -0.03090124 0.03739775 0.76480854 2 0.13292366 0.06724226 0.76480854 3
2 -0.02251138 0.07325112 0.75328946 2 0.14132901 0.08803426 0.75328946 3
2 -0.01127840 0.10503501 0.74863428 2 0.15373915 0.10506216 0.74863428 3
2 0.00921361 0.13190459 0.74235159 2 0.17053570 0.11748680 0.74235159 3
2 0.02774157 0.15358756 0.73832214 2 0.18605033 0.12545021 0.73832214 3
2 0.04723978 0.16887547 0.73574549 2 0.19907871 0.12935497 0.73574549 3
2 0.07056074 0.17709966 0.73594028 2 0.21377735 0.12873095 0.73594028 3
2 0.09398914 0.17883135 0.73358697 2 0.22941177 0.12253124 0.73358697 3
2 0.11937856 0.17363387 0.73694670 2 0.24455228 0.11215943 0.73694670 3
2 0.14287837 0.16280787 0.73910052 2 0.25697586 0.09860349 0.73910052 3
2 0.16855583 0.14502554 0.74433053 2 0.26971552 0.08222315 0.74433053 3
2 0.18677235 0.12668639 0.74913406 2 0.28016040 0.06592830 0.74913406 3
2 0.20663783 0.10026365 0.75814891 2 0.28720811 0.04828978 0.75814891 3
2 0.22068249 0.07234754 0.76639718 2 0.29402724 0.02923539 0.76639718 0
2 0.23302533 0.03989482 0.77350074 2 0.29811347 0.00886871 0.77350074 0
2 0.24176705 0.00585114 0.78617555 2 0.30102509 -0.01191092 0.78617555 3
2 0.24364756 -0.02452789 0.78836644 2 0.29672760 -0.02908461 0.78836644 3
2 0.24366117 -0.05848537 0.79543602 2 0.29644540 -0.04687750 0.79543602 3
2 0.23918051 -0.09085499 0.80085158 2 0.28992623 -0.06366453 0.80085158 3
2 0.22675081 -0.11714575 0.80299532 2 0.28141499 -0.07816315 0.80299532 3
2 0.20801228 -0.14409108 0.80852592 2 0.26567176 -0.08971682 0.80852592 3
2 0.18775289 -0.16265468 0.81141895 2 0.24996066 -0.09785448 0.81141895 3
2 0.16353758 -0.17560093 0.81225228 2 0.23386645 -0.10219391 0.81225228 3
2 0.14669374 -0.18518360 0.81184441 2 0.22072341 -0.10324054 0.81184441 3
2 0.11441952 -0.18350878 0.81259596 2 0.20308697 -0.09734946 0.81259596 3
2 0.09453771 -0.18054856 0.81157082 2 0.18781634 -0.08863617 0.81157082 3
2 0.07148641 -0.17113818 0.81187582 2 0.17879759 -0.08131871 0.81187582 3
2 0.05342688 -0.15569833 0.80983317 2 0.16953725 -0.06899384 0.80983317 3
2 0.03937012 -0.13619757 0.80600071 2 0.16486429 -0.05366425 0.80600071 3
2 0.02213790 -0.11021324 0.80174017 2 0.15976487 -0.03551542 0.80174017 3
2 0.01534735 -0.08401714 0.79624957 2 0.15883881 -0.01738905 0.79624957 3
2 0.00531324 -0.05279049 0.78807944 2 0.15970170 0.00148237 0.78807944 3
2 0.00279945 -0.02538882 0.78130096 2 0.16340677 0.01780102 0.78130096 3
2 -0.01436002 0.01227781 0.76886594 2 0.16012263 0.03683024 0.76886594 3
2 -0.01328894 0.03912815 0.76251149 2 0.15946113 0.05296615 0.76251149 3
2 -0.00478908 0.06446624 0.75159180 2 0.16581668 0.06413617 0.75159180 3
2 0.00255476 0.09022188 0.74731654 2 0.17574939 0.07273035 0.74731654 3
2 0.01963832 0.11106627 0.74083090 2 0.18680124 0.07945072 0.74083090 3
2 0.03664973 0.12685932 0.73606974 2 0.19666196 0.08433834 0.73606974 3
2 0.05642986 0.14069234 0.73601449 2 0.20793216 0.08572721 0.73601449 3
2 0.07832175 0.14977810 0.73307759 2 0.22082485 0.08496772 0.73307759 3
2 0.10160770 0.15463428 0.73046553 2 0.23321655 0.08179890 0.73046553 3
2 0.12568475 0.15582415 0.73077279 2 0.24505796 0.07862017 0.73077279 3
2 0.14934789 0.15315934 0.73217267 2 0.25477800 0.07502777 0.73217267 3
2 0.17433262 0.14621584 0.73687762 2 0.26585323 0.06956096 0.73687762 3
2 0.19517356 0.13806233 0.73839146 2 0.27869970 0.06319383 0.73839146 3
2 0.21556671 0.12546153 0.74170321 2 0.28734964 0.05733762 0.74170321 3
2 0.23280345 0.11030995 0.74735814 2 0.29425102 0.05054128 0.74735814 3
2 0.24493368 0.09128285 0.75207412 2 0.29577613 0.04317839 0.75207412 3
2 0.25595158 0.06832134 0.76055765 2 0.30274820 0.03182215 0.76055765 3
2 0.26012090 0.04316596 0.76762646 2 0.30478361 0.02056168 0.76762646 3
2 0.25984070 0.01475213 0.77670598 2 0.29979962 0.00946299 0.77670598 3
2 0.25376385 -0.01540941 0.78753865 2 0.29503149 -0.00357971 0.78753865 3
2 0.24582326 -0.04448571 0.79057264 2 0.28783867 -0.01676417 0.79057264 3
2 0.23414554 -0.07218657 0.79765058 2 0.28063342 -0.02892781 0.79765058 3
2 0.22151157 -0.09831116 0.80441397 2 0.27366787 -0.04064155 0.80441397 3
2 0.20186011 -0.11869953 0.80620909 2 0.26318440 -0.04770492 0.80620909 3
2 0.18341051 -0.13389444 0.81346798 2 0.25308034 -0.05214478 0.81346798 3
2 0.16213581 -0.14292398 0.81500703 2 0.24501145 -0.05499632 0.81500703 3
2 0.14133771 -0.14539492 0.81568968 2 0.23678961 -0.05546910 0.81568968 3
2 0.11885052 -0.14121263 0.81616431 2 0.22818711 -0.05136375 0.81616431 3
2 0.10233656 -0.13424531 0.82021123 2 0.22109576 -0.04498421 0.82021123 3
2 0.08259360 -0.12131648 0.81987506 2 0.21500438 -0.03738583 0.81987506 3
2 0.07522816 -0.10866822 0.81614321 2 0.21463092 -0.03187260 0.81614321 3
2 0.06310888 -0.09090681 0.80961698 2 0.21411347 -0.02598326 0.80961698 3
2 0.05785422 -0.07740475 0.80791777 2 0.21493922 -0.02245809 0.80791777 3
2 0.05311321 -0.06167781 0.80166733 2 0.21453001 -0.01975044 0.80166733 3
2 0.05130786 -0.04753731 0.79715449 2 0.21660340 -0.02069143 0.79715449 3
2 0.05234651 -0.03460851 0.79201055 2 0.21743475 -0.02219470 0.79201055 3
2 0.05439127 -0.02131474 0.78738523 2 0.21868050 -0.02345885 0.78738523 3
2 0.05842169 -0.00826823 0.78244400 2 0.22061484 -0.02452830 0.78244400 3
2 0.06431510 0.00501667 0.77673137 2 0.22234634 -0.02556932 0.77673137 3
2 0.07177863 0.01844338 0.77138621 2 0.22245060 -0.02551685 0.77138621 3
2 0.08224747 0.03305248 0.76882529 2 0.22443601 -0.02208759 0.76882529 3
2 0.09467942 0.04799717 0.76526666 2 0.22688316 -0.01509534 0.76526666 3
2 0.10838263 0.06428724 0.76127309 2 0.22938859 -0.00518127 0.76127309 3
2 0.12481371 0.07563052 0.75539386 2 0.23428212 0.00446480 0.75539386 3
2 0.14334624 0.08409119 0.75440598 2 0.24103855 0.01303686 0.75440598 3
2 0.16307227 0.08481710 0.75255746 2 0.25002435 0.01851497 0.75255746 3
2 0.18340218 0.08125518 0.75106245 2 0.26109001 0.02094330 0.75106245 3
2 0.20258780 0.07316632 0.75115913 2 0.26991624 0.02215109 0.75115913 3
2 0.22043942 0.06138314 0.75143701 2 0.27903554 0.02079905 0.75143701 3
2 0.23711690 0.04774744 0.75280052 2 0.28944248 0.01820691 0.75280052 3
2 0.25444472 0.02900971 0.75932187 2 0.29939049 0.01372706 0.75932187 3
2 0.26831251 0.00922569 0.76168311 2 0.30932355 0.00730250 0.76168311 3
2 0.27955928 -0.01186316 0.76594138 2 0.31922647 -0.00013940 0.76594138 3
2 0.29023990 -0.03694903 0.77792054 2 0.32807329 -0.00875819 0.77792054 3
2 0.29042867 -0.05539939 0.77849233 2 0.33410928 -0.01641969 0.77849233 0
2 0.28885490 -0.07283030 0.77862960 2 0.33688164 -0.02105142 0.77862960 0
2 0.28262436 -0.08828658 0.77869380 2 0.33869827 -0.02468593 0.77869380 0
2 0.27433950 -0.09965790 0.77972227 2 0.34227011 -0.03115743 0.77972227 0
2 0.26360610 -0.10663904 0.78197074 2 0.34127292 -0.03342464 0.78197074 3
2 0.25261849 -0.11106433 0.78444636 2 0.34039992 -0.03486428 0.78444636 3
2 0.23431145 -0.11005833 0.78622115 2 0.33685321 -0.03527848 0.78622115 3
2 0.21865596 -0.10815351 0.78707087 2 0.33248237 -0.03499928 0.78707087 3
2 0.20344296 -0.10408184 0.79006541 2 0.32772222 -0.03478970 0.79006541 3
2 0.18788682 -0.09893174 0.79295957 2 0.32302183 -0.03608978 0.79295957 3
2 0.17337008 -0.09097407 0.79626113 2 0.31862453 -0.03769526 0.79626113 3
2 0.15963696 -0.08088668 0.79777759 2 0.31278479 -0.03804818 0.79777759 3
2 0.14871405 -0.06981598 0.79822469 2 0.30704373 -0.03872688 0.79822469 3
2 0.14050066 -0.05795001 0.79792637 2 0.30180460 -0.04001860 0.79792637 3
2 0.13422510 -0.04809252 0.79855013 2 0.29747474 -0.04334196 0.79855013 3
2 0.12906139 -0.03860139 0.79856986 2 0.29343629 -0.04732703 0.79856986 3
2 0.12594999 -0.02997686 0.79923433 2 0.28901878 -0.05114029 0.79923433 3
2 0.12482431 -0.02270578 0.79943436 2 0.28399000 -0.05507006 0.79943436 3
2 0.12378135 -0.01536889 0.80098277 2 0.27851751 -0.05991208 0.80098277 3
2 0.12219967 -0.00668714 0.80532229 2 0.27397251 -0.06161145 0.80532229 3
2 0.11797932 0.00656934 0.80766618 2 0.26558933 -0.05765133 0.80766618 3
2 0.11295208 0.02302700 0.80904573 2 0.25376824 -0.04675750 0.80904573 3
2 0.11593293 0.04335817 0.80552357 2 0.24607641 -0.03077500 0.80552357 2
-999
