2 0.29608262 0.10303023 0.76630175 2 0.54109097 0.17192553 0.76630175 3
2 0.29459330 0.10262264 0.76984864 2 0.53976822 0.17058027 0.76984864 3
2 0.29350647 0.10078647 0.77242839 2 0.53884643 0.17045073 0.77242839 3
2 0.29175568 0.09991976 0.77114105 2 0.53835309 0.17036425 0.77114105 3
2 0.29083034 0.09870283 0.77148950 2 0.53784108 0.16966438 0.77148950 3
2 0.29074711 0.09716183 0.77048671 2 0.53801775 0.16871205 0.77048671 3
2 0.29104677 0.09570511 0.77231359 2 0.53855538 0.16797289 0.77231359 3
2 0.29278103 0.09298791 0.77480799 2 0.53999823 0.16687919 0.77480799 3
2 0.29291159 0.08887105 0.77569598 2 0.54117697 0.16436893 0.77569598 3
2 0.29313582 0.08145473 0.77917421 2 0.54155242 0.15959868 0.77917421 3
2 0.29238841 0.07031749 0.78273642 2 0.54177731 0.15249813 0.78273642 3
2 0.28940469 0.05792582 0.79104286 2 0.54057580 0.14369328 0.79104286 3
2 0.28429499 0.04456862 0.79616994 2 0.53764844 0.13407230 0.79616994 3
2 0.27830115 0.02850897 0.80720401 2 0.53362787 0.12291539 0.80720401 3
2 0.27103573 0.01223217 0.81544584 2 0.52866155 0.11102659 0.81544584 3
2 0.26444429 -0.00528839 0.82992071 2 0.52401483 0.09816429 0.82992071 3
2 0.25644669 -0.02178143 0.83928299 2 0.51878893 0.08575023 0.83928299 3
2 0.24933691 -0.03805241 0.84482986 2 0.51354361 0.07360728 0.84482986 3
2 0.24198720 -0.05585409 0.85468459 2 0.50821942 0.06080255 0.85468459 3
2 0.23302412 -0.07147402 0.86306310 2 0.50234151 0.04846439 0.86306310 3
2 0.22488356 -0.08928262 0.87002558 2 0.49623430 0.03555010 0.87002558 3
2 0.21576752 -0.10601317 0.87946224 2 0.48992875 0.02232531 0.87946224 3
2 0.20339158 -0.12065684 0.88851547 2 0.48159322 0.01046958 0.88851547 3
2 0.18860437 -0.13265456 0.89696109 2 0.47121033 0.00047620 0.89696109 3
2 0.17562869 -0.14361683 0.90552777 2 0.46087062 -0.00814683 0.90552777 3
2 0.15936583 -0.15163577 0.91503674 2 0.44981745 -0.01503784 0.91503674 3
1 0.13241914 -0.14943510 0.91837120 1 0.43276039 -0.01673592 0.91837120 3
1 0.11547482 -0.15553036 0.92514938 1 0.41664821 -0.01905633 0.92514938 0
1 0.09457275 -0.15846446 0.93396258 1 0.40158647 -0.02224322 0.93396258 0
2 0.08708549 -0.17142884 0.94601595 2 0.39309731 -0.03039578 0.94601595 1
2 0.06832223 -0.17537454 0.95249414 2 0.38258764 -0.03710816 0.95249414 1
2 0.05618390 -0.17940448 0.95858252 2 0.37132466 -0.04073632 0.95858252 1
2 0.04968704 -0.18154699 0.96239787 2 0.36356896 -0.04240094 0.96239787 1
2 0.03946690 -0.18078069 0.96875882 2 0.35736901 -0.04313191 0.96875882 1
2 0.03096089 -0.18031906 0.97386557 2 0.35114467 -0.04383392 0.97386557 1
2 0.01113571 -0.17393020 0.97538441 2 0.33845523 -0.04161675 0.97538441 1
2 0.00127743 -0.17176169 0.97522587 2 0.32635781 -0.03908965 0.97522587 1
2 -0.02854825 -0.16059382 0.97464919 2 0.30876586 -0.03341868 0.97464919 1
2 -0.04039374 -0.15266468 0.97343749 2 0.29490966 -0.02770233 0.97343749 1
2 -0.04548178 -0.14451474 0.96738058 2 0.28809670 -0.02225258 0.96738058 1
2 -0.04940321 -0.13558535 0.96123201 2 0.28514719 -0.01645449 0.96123201 1
2 -0.03914298 -0.12651624 0.94462001 2 0.28874794 -0.01034625 0.94462001 1
1 -0.04351322 -0.11263807 0.93659425 1 0.28900498 -0.00186924 0.93659425 1
2 -0.07590176 -0.08059472 0.93875515 2 0.27192187 0.01653151 0.93875515 1
1 -0.09761100 -0.04893331 0.93992174 1 0.24915861 0.04080387 0.93992174 1
1 -0.09303792 -0.02883599 0.92946672 1 0.24223430 0.06001562 0.92946672 0
1 -0.08907225 -0.00835558 0.92342955 1 0.24780546 0.07369085 0.92342955 0
1 -0.09013630 0.01496516 0.91355360 1 0.25102416 0.08804417 0.91355360 0
2 -0.08069737 0.03292540 0.90395629 2 0.25201893 0.10320874 0.90395629 0
2 -0.06612965 0.05049223 0.89350379 2 0.25780141 0.11772654 0.89350379 3
2 0.03933918 -0.01055452 0.85715419 2 0.31218058 0.09355360 0.85715419 3
2 -0.04229954 0.08750932 0.86813956 2 0.30849719 0.11810792 0.86813956 3
1 -0.02400054 0.10127807 0.85768116 1 0.29192036 0.15234679 0.85768116 3
1 -0.02238734 0.13003796 0.84700626 1 0.28237277 0.18133931 0.84700626 0
1 0.01706746 0.12634040 0.83593029 1 0.30721167 0.18306550 0.83593029 0
1 0.01030002 0.15950416 0.82363904 1 0.32441643 0.18999541 0.82363904 0
2 0.04626284 0.15190107 0.81898707 2 0.33775100 0.19634195 0.81898707 0
2 0.05637164 0.16751279 0.80935663 2 0.34262413 0.20873997 0.80935663 3
2 0.08456074 0.16297220 0.80707502 2 0.35971862 0.21064053 0.80707502 3
2 0.10490233 0.16354962 0.80051613 2 0.38263175 0.20644973 0.80051613 3
2 0.12461293 0.16121475 0.79851109 2 0.39950824 0.20406714 0.79851109 3
2 0.14254399 0.15809265 0.79743004 2 0.40878576 0.20664594 0.79743004 3
2 0.16230096 0.15040971 0.79349041 2 0.42141438 0.20585865 0.79349041 3
2 0.18046920 0.14025116 0.79081738 2 0.44012052 0.19875747 0.79081738 3
2 0.19470111 0.13023067 0.79254079 2 0.45592681 0.19045916 0.79254079 3
2 0.20872940 0.11546573 0.78733027 2 0.46502903 0.18433683 0.78733027 3
2 0.21983641 0.10144713 0.78981173 2 0.47219464 0.17862634 0.78981173 3
2 0.22907686 0.08637269 0.79261059 2 0.48244053 0.16875806 0.79261059 3
2 0.23672795 0.07015645 0.79555857 2 0.49268252 0.15620415 0.79555857 3
2 0.24138936 0.05427139 0.80181539 2 0.49691027 0.14580306 0.80181539 3
2 0.24511328 0.03960192 0.80997401 2 0.49769318 0.13793136 0.80997401 3
2 0.24651319 0.02361486 0.81977642 2 0.49963430 0.12744565 0.81977642 3
2 0.24699545 0.00832113 0.82696664 2 0.50301343 0.11421643 0.82696664 3
2 0.24688973 -0.00775392 0.83985865 2 0.50359529 0.10211369 0.83985865 3
2 0.24441853 -0.02232861 0.84529495 2 0.49977523 0.09320895 0.84529495 3
2 0.24131265 -0.03871984 0.85221452 2 0.49725273 0.08245174 0.85221452 3
2 0.23474024 -0.05556796 0.85975957 2 0.49494481 0.06893765 0.85975957 3
2 0.22643325 -0.07214589 0.86956692 2 0.49018523 0.05553516 0.86956692 3
2 0.21566029 -0.08977335 0.87769878 2 0.48103687 0.04497956 0.87769878 3
2 0.20178023 -0.10660736 0.88822174 2 0.47019571 0.03503451 0.88822174 3
2 0.18319270 -0.12349322 0.89799327 2 0.45897034 0.02285880 0.89799327 3
2 0.16503911 -0.13895607 0.90944409 2 0.44687328 0.00992960 0.90944409 3
2 0.14815524 -0.15194522 0.91871834 2 0.43292499 0.00110650 0.91871834 3
2 0.13136041 -0.16232716 0.92967558 2 0.41925818 -0.00492482 0.92967558 3
2 0.09625853 -0.16280241 0.93529868 2 0.39902961 -0.00759509 0.93529868 3
2 0.08681664 -0.17279847 0.94829041 2 0.38520345 -0.01388586 0.94829041 1
2 0.06352866 -0.17159265 0.95100582 2 0.37064010 -0.01661510 0.95100582 1
2 0.05248699 -0.17286439 0.95731682 2 0.35881683 -0.01666947 0.95731682 1
2 0.04346913 -0.17238210 0.96298254 2 0.35057580 -0.01659401 0.96298254 1
2 0.02837735 -0.16839649 0.96823031 2 0.34158233 -0.01662433 0.96823031 1
2 0.02074776 -0.16610087 0.97043180 2 0.33345294 -0.01628530 0.97043180 1
2 0.00864631 -0.16096283 0.96993077 2 0.32369480 -0.01336860 0.96993077 1
2 0.00191156 -0.15442793 0.96300197 2 0.31604165 -0.00925493 0.96300197 1
2 -0.03087096 -0.13576734 0.96245575 2 0.29876882 -0.00012236 0.96245575 1
1 -0.03716678 -0.12598905 0.95748425 1 0.28570095 0.00837188 0.95748425 1
1 -0.04296717 -0.11228396 0.94804668 1 0.27879918 0.01727167 0.94804668 0
1 -0.07510390 -0.08411264 0.95124942 1 0.26270026 0.03337205 0.95124942 0
1 -0.08355596 -0.06434888 0.94585663 1 0.24878140 0.04998457 0.94585663 1
2 -0.09610809 -0.03996987 0.94346398 2 0.23795013 0.06642060 0.94346398 1
2 -0.09703985 -0.02058064 0.93261939 2 0.23408291 0.08085028 0.93261939 3
2 -0.09760109 -0.00018716 0.92542791 2 0.23301819 0.09498374 0.92542791 3
2 -0.10043786 0.02065397 0.91779369 2 0.23045591 0.10959219 0.91779369 3
2 -0.09696017 0.04348298 0.90921599 2 0.22948277 0.12522049 0.90921599 3
2 -0.09175086 0.06082564 0.90011096 2 0.23126486 0.13908027 0.90011096 3
2 -0.08245374 0.08045825 0.88435531 2 0.23639958 0.15289235 0.88435531 3
2 -0.06500021 0.09416586 0.86750793 2 0.24625117 0.16427267 0.86750793 3
2 -0.05350502 0.11028267 0.85524976 2 0.25566787 0.17481008 0.85524976 3
2 -0.03802929 0.12480406 0.84440428 2 0.26474696 0.18523851 0.84440428 3
2 -0.01428060 0.13279551 0.83071625 2 0.27819410 0.19323231 0.83071625 3
2 0.01116660 0.13549486 0.81692314 2 0.29560965 0.19672538 0.81692314 3
2 0.03402982 0.13923277 0.80849153 2 0.31334108 0.19807082 0.80849153 3
2 0.05606424 0.14158420 0.80293548 2 0.32897744 0.19948734 0.80293548 3
2 0.07858433 0.14054620 0.79332089 2 0.34363526 0.20037077 0.79332089 3
2 0.10177617 0.13554126 0.78599674 2 0.35923594 0.19813015 0.78599674 3
2 0.12495652 0.12732944 0.78191805 2 0.37618700 0.19194274 0.78191805 3
2 0.14533879 0.11745938 0.77702278 2 0.39220047 0.18394423 0.77702278 3
2 0.16649377 0.10486171 0.77334559 2 0.40649626 0.17527547 0.77334559 3
2 0.18572235 0.08851167 0.77210867 2 0.41977969 0.16444065 0.77210867 3
2 0.20086920 0.07230228 0.76887941 2 0.43205407 0.15216847 0.76887941 3
2 0.21543823 0.05418709 0.77097112 2 0.44317377 0.13817647 0.77097112 3
2 0.22751918 0.03610949 0.77350032 2 0.45200032 0.12425356 0.77350032 3
2 0.23608010 0.01755566 0.78018761 2 0.45815429 0.11082888 0.78018761 3
2 0.24326184 -0.00043667 0.78619403 2 0.46345198 0.09724470 0.78619403 3
2 0.24576887 -0.01671573 0.79419374 2 0.46671233 0.08362921 0.79419374 3
2 0.24599582 -0.03364827 0.80111498 2 0.46726432 0.07031274 0.80111498 3
2 0.24469650 -0.05285711 0.80999070 2 0.46578258 0.05648762 0.80999070 3
2 0.23893166 -0.06991246 0.81787902 2 0.46227562 0.04303963 0.81787902 3
2 0.23129770 -0.08892444 0.82727242 2 0.45714521 0.02838434 0.82727242 3
2 0.22084397 -0.10579016 0.83680928 2 0.45018351 0.01413564 0.83680928 3
2 0.20626523 -0.12236890 0.84712660 2 0.43995398 0.00116856 0.84712660 3
2 0.18954530 -0.13938187 0.85992670 2 0.42693695 -0.01170922 0.85992670 3
2 0.17131293 -0.15376580 0.87466127 2 0.41282648 -0.02436578 0.87466127 3
2 0.15392937 -0.16540979 0.88702452 2 0.39967370 -0.03529840 0.88702452 3
2 0.13825674 -0.17566817 0.90051824 2 0.38774553 -0.04400817 0.90051824 0
2 0.12297422 -0.18303181 0.91117090 2 0.37553680 -0.05070339 0.91117090 0
2 0.10001678 -0.18406202 0.91671872 2 0.35975456 -0.05403042 0.91671872 3
2 0.07112775 -0.18323885 0.92905825 2 0.33930066 -0.05517828 0.92905825 3
2 0.06368241 -0.18909605 0.93728012 2 0.32679006 -0.05865261 0.93728012 1
2 0.04993029 -0.19112954 0.94749004 2 0.31779683 -0.06236117 0.94749004 1
2 0.05370291 -0.19858378 0.95869648 2 0.31656861 -0.06794829 0.95869648 1
2 0.01316103 -0.18802704 0.95878392 2 0.29794416 -0.06649479 0.95878392 1
2 0.00294265 -0.18101332 0.95703185 2 0.27997911 -0.06093965 0.95703185 1
2 -0.01600081 -0.17887624 0.97112679 2 0.26470080 -0.05790616 0.97112679 1
2 -0.02806057 -0.16881022 0.96911824 2 0.25519577 -0.05420781 0.96911824 1
2 -0.04380184 -0.16211048 0.97260004 2 0.24497861 -0.05032315 0.97260004 1
1 -0.05379483 -0.15865712 0.97593117 1 0.23389958 -0.04761770 0.97593117 1
1 -0.06589014 -0.15785752 0.98753393 1 0.22312860 -0.04718637 0.98753393 1
1 -0.06852031 -0.15530320 0.98674077 1 0.21783367 -0.04755620 0.98674077 1
1 -0.07015917 -0.14894834 0.98120612 1 0.21615379 -0.04544298 0.98120612 1
1 -0.06649454 -0.14108151 0.96750349 1 0.21680817 -0.04060725 0.96750349 1
1 -0.07001636 -0.12202170 0.95948249 1 0.21434376 -0.02980799 0.95948249 1
2 -0.10458710 -0.06335458 0.96321559 2 0.19531104 0.00228284 0.96321559 1
1 -0.10688298 -0.03836326 0.95388806 1 0.18151081 0.03131780 0.95388806 1
1 -0.11338958 -0.00844428 0.94574535 1 0.17583403 0.05271167 0.94574535 0
2 -0.10661793 0.01625733 0.93170726 2 0.17873433 0.06828819 0.93170726 0
2 -0.09599636 0.03992806 0.91425449 2 0.18479882 0.08439506 0.91425449 3
1 -0.08232601 0.06525613 0.89402664 1 0.19193369 0.10382493 0.89402664 3
1 -0.06396426 0.08386046 0.87923455 1 0.20263198 0.12013222 0.87923455 0
2 -0.04813861 0.10575666 0.86053705 2 0.21462007 0.13403113 0.86053705 0
2 -0.03062468 0.12192097 0.84742713 2 0.22626583 0.14601563 0.84742713 3
2 -0.00902192 0.13539545 0.83402669 2 0.23894908 0.15729704 0.83402669 3
2 0.01653870 0.13853100 0.82545596 2 0.25534275 0.16297655 0.82545596 3
2 0.03873336 0.14060551 0.81490064 2 0.27288631 0.16359144 0.81490064 3
2 0.06208066 0.14024389 0.80512697 2 0.28927103 0.16217484 0.80512697 3
2 0.08534656 0.13595441 0.79995602 2 0.30459297 0.16037126 0.79995602 3
2 0.11003051 0.12795839 0.79333657 2 0.32090363 0.15629083 0.79333657 3
2 0.13399839 0.11615060 0.79115814 2 0.33883098 0.14790346 0.79115814 3
2 0.15388724 0.10355128 0.78264010 2 0.35482705 0.13726327 0.78264010 3
2 0.17687380 0.08526309 0.77906305 2 0.37002715 0.12510535 0.77906305 3
2 0.19620258 0.06621016 0.77564573 2 0.38342783 0.11162489 0.77564573 3
2 0.21389119 0.04485985 0.77227950 2 0.39710072 0.09618234 0.77227950 3
2 0.22757880 0.02180249 0.77081865 2 0.40856814 0.07846234 0.77081865 3
2 0.24065581 -0.00081713 0.77705353 2 0.41758144 0.06076942 0.77705353 3
2 0.24907552 -0.02232403 0.77771199 2 0.42382148 0.04487588 0.77771199 3
2 0.25459695 -0.04673138 0.78759623 2 0.42839423 0.02763242 0.78759623 3
2 0.25722608 -0.06959885 0.79502183 2 0.43139651 0.00888068 0.79502183 3
2 0.25745714 -0.09288997 0.80147880 2 0.43207243 -0.00965444 0.80147880 3
2 0.25143576 -0.11307859 0.81036764 2 0.42838570 -0.02562308 0.81036764 3
2 0.24097134 -0.13375163 0.82182777 2 0.42095566 -0.04083721 0.82182777 3
2 0.22567202 -0.15261944 0.83428782 2 0.41040662 -0.05652362 0.83428782 0
2 0.20407476 -0.16997962 0.84978729 2 0.39625552 -0.07125862 0.84978729 0
2 0.18349387 -0.18353377 0.86658013 2 0.37969193 -0.08319598 0.86658013 3
2 0.16302456 -0.19309345 0.88213712 2 0.36342764 -0.09179907 0.88213712 3
2 0.14095011 -0.20002933 0.89369738 2 0.34743950 -0.09838380 0.89369738 3
2 0.11977915 -0.20489253 0.90458202 2 0.33163679 -0.10422640 0.90458202 3
2 0.09319510 -0.20481217 0.91765314 2 0.31278166 -0.10662624 0.91765314 1
2 0.06599354 -0.20095873 0.92826509 2 0.29115117 -0.10515169 0.92826509 1
2 0.04574440 -0.19833943 0.94308877 2 0.27265921 -0.10351584 0.94308877 1
2 0.02940419 -0.19656871 0.95529264 2 0.25988513 -0.10349675 0.95529264 1
2 0.03957691 -0.19455029 0.97352272 2 0.26053494 -0.10405673 0.97352272 1
2 0.03009916 -0.19370653 0.96875870 2 0.25841823 -0.10420036 0.96875870 1
2 -0.01439222 -0.17693987 0.96018475 2 0.23443337 -0.09665614 0.96018475 1
2 -0.02311268 -0.16789383 0.96592820 2 0.21391636 -0.08849465 0.96592820 1
2 -0.03650740 -0.15742004 0.96521634 2 0.20263349 -0.08196102 0.96521634 1
2 -0.04695556 -0.15179320 0.96316826 2 0.19698103 -0.07846053 0.96316826 1
2 -0.04673512 -0.14173266 0.96653891 2 0.19387569 -0.07347868 0.96653891 1
2 -0.03963237 -0.13374753 0.96710408 2 0.19446658 -0.06764569 0.96710408 1
2 -0.02917376 -0.12561585 0.96292287 2 0.20046966 -0.06249689 0.96292287 1
2 -0.02951336 -0.11551654 0.95953751 2 0.20338757 -0.05698166 0.95953751 1
1 -0.03103028 -0.09803725 0.95368588 1 0.20122229 -0.04685355 0.95368588 1
2 -0.09005841 -0.09497329 0.92262071 2 0.16967480 -0.04081163 0.92262071 1
2 -0.09040899 -0.09057939 0.91841125 2 0.14891496 -0.03898475 0.91841125 1
1 -0.08663575 -0.08555946 0.91094154 1 0.14841367 -0.03797039 0.91094154 1
1 -0.07999592 -0.07892021 0.90749252 1 0.15784031 -0.03405938 0.90749252 1
2 -0.05762076 0.01362564 0.94494277 2 0.17002410 0.01166823 0.94494277 1
2 -0.05544870 0.01286617 0.93256682 2 0.17281280 0.03995312 0.93256682 1
1 -0.05131776 0.02645061 0.92798460 1 0.17277211 0.04729111 0.92798460 1
1 -0.04735675 0.04276994 0.92215914 1 0.17476410 0.04944315 0.92215914 1
1 -0.05055606 0.09273509 0.92747945 1 0.17447463 0.07646871 0.92747945 1
1 -0.03601081 0.10417543 0.91074359 1 0.17826396 0.10200451 0.91074359 0
2 -0.03652193 0.12582253 0.90104586 2 0.17969593 0.11730176 0.90104586 0
1 -0.01783503 0.13934323 0.88506913 1 0.18799247 0.12251498 0.88506913 1
1 -0.00420058 0.15509701 0.86704469 1 0.19880760 0.13147502 0.86704469 1
1 0.01778311 0.16125467 0.85162634 1 0.21228571 0.14258619 0.85162634 1
1 0.04230335 0.16105136 0.83657622 1 0.22802782 0.14622550 0.83657622 1
2 0.07361352 0.14793327 0.82864875 2 0.24895576 0.13647270 0.82864875 3
2 0.09694813 0.13668510 0.81782955 2 0.26838824 0.12441149 0.81782955 3
2 0.11962104 0.11892286 0.81177235 2 0.28414625 0.11441229 0.81177235 3
2 0.13820913 0.09725263 0.80702102 2 0.29706147 0.10217217 0.80702102 3
2 0.15563032 0.06763934 0.79904503 2 0.30926606 0.08083587 0.79904503 3
2 0.16867162 0.03740834 0.79751426 2 0.32009280 0.05546777 0.79751426 3
2 0.17806275 0.00625881 0.79742312 2 0.32723492 0.03244984 0.79742312 3
2 0.18262680 -0.02525749 0.80086374 2 0.33018461 0.01115837 0.80086374 3
2 0.18379895 -0.05727014 0.80668592 2 0.33114493 -0.01261632 0.80668592 3
2 0.18246910 -0.09247921 0.81565648 2 0.33046922 -0.04058352 0.81565648 3
2 0.17150326 -0.11921676 0.82681632 2 0.32463309 -0.06390014 0.82681632 3
2 0.15862791 -0.14346291 0.83994782 2 0.31379819 -0.08159848 0.83994782 3
2 0.14301012 -0.15954907 0.85635471 2 0.30144450 -0.09507615 0.85635471 3
2 0.12726417 -0.16945666 0.87151009 2 0.28984597 -0.10591152 0.87151009 3
2 0.11113774 -0.17241582 0.88888544 2 0.27770895 -0.11150680 0.88888544 0
2 0.10108036 -0.17289948 0.90416890 2 0.26756468 -0.11188971 0.90416890 0
2 0.09752891 -0.17141233 0.91609728 2 0.26216909 -0.11106263 0.91609728 1
2 0.07204869 -0.15789451 0.92911100 2 0.24975716 -0.10631265 0.92911100 1
2 0.06016800 -0.14329146 0.93239230 2 0.23627199 -0.09738558 0.93239230 1
2 0.00116281 -0.10427545 0.92314899 2 0.20240198 -0.07487272 0.92314899 1
1 0.00305249 -0.10116436 0.92927992 1 0.18482199 -0.06148072 0.92927992 1
1 -0.01319053 -0.09683793 0.89676768 1 0.17681672 -0.06017254 0.89676768 1
1 -0.00142978 -0.09960008 0.89738041 1 0.18148477 -0.06568370 0.89738041 1
1 0.02807830 -0.09923323 0.92853999 1 0.19739015 -0.06724946 0.92853999 1
1 -0.03640496 -0.05220096 0.92113000 1 0.17402655 -0.04323288 0.92113000 1
1 -0.04166157 -0.03499083 0.90196663 1 0.14958949 -0.02012444 0.90196663 1
1 -0.02386867 -0.04270479 0.87144738 1 0.15090562 -0.01925212 0.87144738 1
1 0.01685766 -0.01873757 0.83597237 1 0.18026438 -0.01616979 0.83597237 1
1 0.01837287 -0.01958503 0.83590293 1 0.19684006 -0.01141556 0.83590293 1
1 0.01497912 -0.01190675 0.83785313 1 0.19138296 -0.00403263 0.83785313 1
1 0.01819120 -0.00409704 0.83996451 1 0.18346043 0.00041519 0.83996451 1
1 -0.00696761 0.02413808 0.89621687 1 0.17263833 0.01265248 0.89621687 1
1 -0.02717484 0.07578016 0.91466945 1 0.15931500 0.04507042 0.91466945 1
1 -0.03048042 0.09634736 0.91030449 1 0.14928275 0.07341447 0.91030449 1
1 -0.02149286 0.11354122 0.90028405 1 0.14897168 0.08716889 0.90028405 1
1 -0.00645998 0.12498342 0.88363892 1 0.15988301 0.09129158 0.88363892 1
1 0.01254969 0.13439576 0.87230706 1 0.17467643 0.09691156 0.87230706 1
1 0.03234239 0.14064030 0.86174661 1 0.18699479 0.10547968 0.86174661 1
1 0.04008057 0.15435876 0.84453809 1 0.19216110 0.11450012 0.84453809 1
2 0.05923650 0.15653037 0.83198202 2 0.20093706 0.11475024 0.83198202 1
1 0.08291573 0.15157185 0.82139868 1 0.21626903 0.11011847 0.82139868 0
1 0.09302187 0.15304050 0.80813599 1 0.22822841 0.11003107 0.80813599 0
2 0.12980479 0.12398909 0.80854398 2 0.24612090 0.09766460 0.80854398 3
2 0.14527370 0.11082644 0.79926205 2 0.26070702 0.08200917 0.79926205 3
2 0.16193385 0.09182970 0.79589242 2 0.27320373 0.06637947 0.79589242 3
2 0.17679003 0.07066819 0.78898746 2 0.28369233 0.05271678 0.78898746 3
2 0.19125831 0.04611031 0.78988731 2 0.29333025 0.03685321 0.78988731 3
2 0.20213340 0.02194144 0.79451418 2 0.30197451 0.01691134 0.79451418 3
2 0.20889191 -0.00252567 0.79327679 2 0.30788565 -0.00406110 0.79327679 3
2 0.21217750 -0.02821045 0.79858464 2 0.31097683 -0.02402152 0.79858464 3
2 0.21186972 -0.05546504 0.80510831 2 0.31087759 -0.04518850 0.80510831 3
2 0.20832603 -0.08393021 0.81577361 2 0.30777338 -0.07000046 0.81577361 3
2 0.19787841 -0.11003348 0.82561165 2 0.30010596 -0.09573217 0.82561165 3
2 0.18247864 -0.13260993 0.84074104 2 0.28764635 -0.11785720 0.84074104 3
2 0.16653615 -0.15038903 0.85599303 2 0.27310511 -0.13513096 0.85599303 3
2 0.14832705 -0.16290715 0.87297624 2 0.25814307 -0.15051863 0.87297624 3
2 0.13243972 -0.17035314 0.88757622 2 0.24354710 -0.16351326 0.88757622 1
2 0.10341160 -0.16909413 0.90403801 2 0.22298902 -0.16976534 0.90403801 1
2 0.08913140 -0.16775471 0.91709280 2 0.20500143 -0.17176463 0.91709280 1
1 0.08601166 -0.16735610 0.92652160 1 0.19696501 -0.17484929 0.92652160 1
2 0.05200021 -0.14723361 0.93491739 2 0.18031649 -0.17244865 0.93491739 1
1 0.05855465 -0.14633965 0.94247788 1 0.17046525 -0.17147286 0.94247788 1
1 0.06668951 -0.14383464 0.94333225 1 0.16943255 -0.17179316 0.94333225 1
1 0.03800213 -0.10669667 0.92946899 1 0.15765356 -0.15817748 0.92946899 1
1 0.00130173 -0.06157785 0.83342683 1 0.13042963 -0.13098215 0.83342683 1
1 0.05544036 -0.10207839 0.91332722 1 0.13546878 -0.13662584 0.91332722 1
2 0.02317087 -0.06275356 0.82627332 2 0.12873156 -0.13048758 0.82627332 1
1 0.02963087 -0.03567467 0.81917286 1 0.12406728 -0.11256155 0.81917286 1
1 0.03315523 -0.03788166 0.81950259 1 0.11795304 -0.10105880 0.81950259 1
1 0.03420171 -0.03602019 0.82138669 1 0.11507137 -0.10299776 0.82138669 1
2 -0.08116303 0.01199701 0.93631732 2 0.05595486 -0.08522207 0.93631732 1
2 -0.08619061 0.03049017 0.93420124 2 0.01496407 -0.06323710 0.93420124 1
2 -0.08504026 0.04987326 0.93036360 2 0.00836672 -0.04453766 0.93036360 1
2 -0.07682379 0.07041536 0.91616750 2 0.01975264 -0.03095341 0.91616750 1
2 -0.06183646 0.08925495 0.90066344 2 0.02935338 -0.01802178 0.90066344 1
2 -0.05114479 0.10703873 0.89071280 2 0.02886756 -0.00123919 0.89071280 1
2 -0.04461991 0.13329861 0.87812692 2 0.03030052 0.01869190 0.87812692 1
2 -0.01437259 0.13344072 0.86598939 2 0.04128954 0.02914792 0.86598939 1
2 0.00995020 0.13948354 0.84904122 2 0.05869640 0.03387381 0.84904122 1
2 0.03130903 0.14417419 0.83776659 2 0.06970565 0.04094246 0.83776659 1
2 0.04690811 0.15023841 0.82620668 2 0.08066703 0.04950401 0.82620668 1
2 0.06821633 0.15032496 0.81502801 2 0.10345224 0.05243551 0.81502801 1
2 0.09482738 0.13974276 0.80811352 2 0.12266363 0.05054294 0.80811352 3
2 0.11541346 0.13307400 0.80250096 2 0.12690550 0.05527886 0.80250096 3
2 0.13499492 0.12206820 0.79786944 2 0.13453512 0.05814216 0.79786944 3
2 0.15360233 0.10779036 0.79444009 2 0.15407915 0.05238223 0.79444009 3
2 0.17064001 0.09117019 0.79121262 2 0.17062229 0.04523888 0.79121262 3
2 0.18698037 0.07093889 0.79206485 2 0.17714325 0.04193085 0.79206485 3
2 0.19714414 0.04810017 0.79509068 2 0.18381691 0.03520473 0.79509068 3
2 0.20638436 0.02323566 0.80079430 2 0.20581494 0.01375663 0.80079430 3
2 0.21202278 -0.00108531 0.80262232 2 0.24027258 -0.02106050 0.80262232 3
2 0.21323463 -0.02549354 0.80812937 2 0.21865620 -0.01125372 0.80812937 3
2 0.21144815 -0.05332227 0.81818533 2 0.22375360 -0.02787269 0.81818533 3
2 0.20728070 -0.07922764 0.82913160 2 0.22205110 -0.03989784 0.82913160 3
2 0.19778484 -0.10489907 0.84228581 2 0.22506633 -0.05813776 0.84228581 3
2 0.18330200 -0.12584445 0.85820526 2 0.21568887 -0.06794290 0.85820526 3
2 0.16728610 -0.14216222 0.87271535 2 0.21567440 -0.08528721 0.87271535 3
2 0.15365469 -0.15342544 0.88686138 2 0.20673621 -0.09003953 0.88686138 3
2 0.14278613 -0.16137457 0.90011251 2 0.20449856 -0.09696437 0.90011251 3
2 0.11493939 -0.15988450 0.91779602 2 0.19513841 -0.09945889 0.91779602 3
2 0.10362313 -0.16088328 0.92741829 2 0.18901983 -0.10259306 0.92741829 1
1 0.06880080 -0.14714693 0.93540770 1 0.17375171 -0.09778908 0.93540770 1
1 0.01719875 -0.13056399 0.90325147 1 0.14383717 -0.08717595 0.90325147 1
1 -0.03044559 -0.11277948 0.84666073 1 0.10933217 -0.07640988 0.84666073 1
1 -0.03476943 -0.11533785 0.85218853 1 0.09800926 -0.07803126 0.85218853 1
1 -0.03011974 -0.10388973 0.84820372 1 0.10654898 -0.08043534 0.84820372 1
1 -0.02172047 -0.10134543 0.83837008 1 0.11753266 -0.08020151 0.83837008 1
2 0.01572926 -0.07725468 0.81500208 2 0.13716598 -0.07056209 0.81500208 1
2 0.01736867 -0.07846392 0.81819153 2 0.14901766 -0.06981812 0.81819153 1
2 0.01536970 -0.04757179 0.81385934 2 0.15155081 -0.06210421 0.81385934 1
1 0.01594475 -0.04740069 0.81519467 1 0.14928955 -0.05835806 0.81519467 1
1 0.00403773 -0.02718913 0.82398796 1 0.14070286 -0.05080967 0.82398796 1
1 -0.09303905 0.02220411 0.94637841 1 0.09149119 -0.02758291 0.94637841 1
1 -0.08859626 0.03971080 0.93652511 1 0.06375562 -0.00974868 0.93652511 1
1 -0.06604499 0.05990415 0.90860504 1 0.07202334 0.00193910 0.90860504 1
2 -0.04487076 0.07691039 0.89352077 2 0.09506915 0.00959627 0.89352077 1
2 -0.03685771 0.09668197 0.88059282 2 0.10480781 0.01873240 0.88059282 1
2 -0.02189310 0.11372071 0.87179357 2 0.10627970 0.02821672 0.87179357 1
2 -0.00473171 0.12925763 0.85899943 2 0.11211415 0.03642634 0.85899943 1
2 0.02039361 0.13746077 0.84666091 2 0.12686905 0.04101798 0.84666091 1
2 0.04012169 0.14615393 0.83787060 2 0.13943911 0.04323831 0.83787060 3
2 0.05570751 0.15994510 0.82836294 2 0.14591016 0.04744348 0.82836294 3
2 0.08326024 0.15569811 0.82326335 2 0.15666944 0.04633074 0.82326335 3
2 0.10395058 0.15415072 0.81744879 2 0.16889130 0.04352404 0.81744879 3
2 0.12335918 0.14927381 0.81467885 2 0.17631070 0.04064564 0.81467885 3
2 0.14035477 0.14157814 0.81269139 2 0.18582791 0.03358379 0.81269139 3
2 0.15602447 0.13274495 0.81125396 2 0.18965778 0.02843060 0.81125396 3
2 0.16821001 0.12145998 0.81052089 2 0.19735479 0.02139519 0.81052089 3
2 0.17948751 0.11135864 0.80883670 2 0.20395978 0.01551918 0.80883670 3
2 0.18784010 0.10030567 0.80751532 2 0.20668654 0.00969526 0.80751532 3
2 0.19093013 0.09199654 0.80338460 2 0.20902078 0.00337174 0.80338460 3
2 0.19337708 0.08612229 0.80184394 2 0.20946006 0.00009646 0.80184394 3
2 0.19371144 0.08123545 0.79991078 2 0.20747599 0.00050268 0.79991078 3
2 0.19427070 0.07804855 0.79870701 2 0.19938630 0.00393776 0.79870701 3
2 0.19248712 0.07461701 0.79638433 2 0.19963719 0.00318291 0.79638433 3
2 0.19117448 0.07417045 0.79659194 2 0.19710496 0.00611584 0.79659194 3
2 0.18930320 0.07370132 0.79730010 2 0.18779084 0.01456239 0.79730010 3
2 0.18503132 0.07661974 0.79818654 2 0.18372905 0.02256730 0.79818654 3
2 0.18219569 0.07985249 0.80100763 2 0.17804408 0.03194315 0.80100763 2
-999
