2 -0.03955759 0.03818475 0.72423303 2 0.08906365 0.06204350 0.72423303 3
2 -0.07022515 0.02979472 0.74121243 2 0.07218817 0.04726541 0.74121243 3
2 -0.09297742 0.01328428 0.76108080 2 0.05444136 0.03028725 0.76108080 3
2 -0.13094136 -0.00069204 0.78607655 2 0.02809917 0.01312384 0.78607655 3
2 -0.14404565 -0.03109636 0.81215125 2 0.00804743 -0.01557478 0.81215125 3
2 -0.16383031 -0.05653354 0.83989912 2 -0.00877882 -0.04892463 0.83989912 3
2 -0.16932978 -0.08014063 0.86061120 2 -0.02223853 -0.07489368 0.86061120 3
2 -0.17690216 -0.09335335 0.88104051 2 -0.03594097 -0.08988965 0.88104051 3
2 -0.17529099 -0.09464680 0.88600886 2 -0.04505944 -0.09414886 0.88600886 3
2 -0.17296380 -0.08909975 0.88677049 2 -0.04810251 -0.09272955 0.88677049 3
1 -0.17351848 -0.07728072 0.88463855 1 -0.05130877 -0.08477038 0.88463855 3
1 -0.17241333 -0.06444684 0.87754643 1 -0.05827184 -0.06824996 0.87754643 0
1 -0.16927555 -0.04674532 0.86249989 1 -0.06743300 -0.04318919 0.86249989 0
1 -0.16295792 -0.02678716 0.84584475 1 -0.06516819 -0.02489086 0.84584475 0
2 -0.14876796 -0.00643921 0.82485402 2 -0.05750320 -0.00251897 0.82485402 0
2 -0.12309565 0.00996461 0.80278832 2 -0.03981206 0.01716796 0.80278832 3
2 -0.09994125 0.02489096 0.78149718 2 -0.01998228 0.03742482 0.78149718 3
2 -0.07555831 0.04220900 0.75955331 2 0.00166897 0.05653622 0.75955331 3
2 -0.04499427 0.05579896 0.74050468 2 0.02763846 0.07179542 0.74050468 3
2 -0.00995348 0.06419374 0.72332591 2 0.05738802 0.08421022 0.72332591 3
2 0.02530225 0.06797620 0.71077442 2 0.09009507 0.09283088 0.71077442 3
2 0.06194450 0.06521008 0.69878519 2 0.12337821 0.09331704 0.69878519 3
2 0.09808596 0.05750423 0.68832749 2 0.15647811 0.08605639 0.68832749 3
2 0.13409768 0.04368702 0.68319231 2 0.18898709 0.07233442 0.68319231 3
2 0.16935369 0.01944526 0.67527795 2 0.21994966 0.05226346 0.67527795 3
2 0.19933493 -0.00604949 0.67073214 2 0.24767858 0.02737463 0.67073214 3
2 0.22333664 -0.03301219 0.66818678 2 0.27080920 -0.00173124 0.66818678 3
2 0.24133769 -0.05741150 0.66277218 2 0.28727961 -0.02830790 0.66277218 3
2 0.25461325 -0.07823040 0.66739863 2 0.29830471 -0.05285888 0.66739863 3
2 0.26111192 -0.08766086 0.67088914 2 0.30416104 -0.07173370 0.67088914 3
2 0.26038873 -0.08751886 0.67106742 2 0.30271301 -0.08120134 0.67106742 3
2 0.25626439 -0.08037799 0.67302418 2 0.29625615 -0.08419901 0.67302418 3
2 0.24665090 -0.06986013 0.67310876 2 0.28553113 -0.08102878 0.67310876 3
2 0.22851694 -0.04644084 0.67650926 2 0.26855129 -0.06839000 0.67650926 3
2 0.20992382 -0.02431081 0.68092465 2 0.24910359 -0.05153820 0.68092465 3
2 0.18427971 0.00290510 0.68588883 2 0.22667979 -0.03209123 0.68588883 3
2 0.15443341 0.03028749 0.69218940 2 0.20260099 -0.01009431 0.69218940 3
2 0.12161303 0.05224081 0.70445949 2 0.17414446 0.01383970 0.70445949 3
2 0.08357020 0.07154477 0.71900314 2 0.14393941 0.03463056 0.71900314 3
2 0.04477605 0.07953149 0.73961306 2 0.11210732 0.04979327 0.73961306 3
2 0.00707733 0.07540044 0.76376116 2 0.08200116 0.05498995 0.76376116 3
2 -0.03380101 0.06937805 0.79215950 2 0.05165975 0.05696535 0.79215950 3
2 -0.06944288 0.05252574 0.82339352 2 0.02409625 0.05506123 0.82339352 3
1 -0.09638698 0.02596409 0.85449994 1 0.00332156 0.04496790 0.85449994 0
2 -0.11398791 0.00044868 0.88314021 2 -0.00900701 0.02869873 0.88314021 0
1 -0.12004995 -0.02074615 0.90012616 1 -0.01312983 0.01681445 0.90012616 0
1 -0.14427564 -0.05075921 0.93640894 1 -0.02161598 0.00300541 0.93640894 0
1 -0.11306965 -0.06845360 0.93104976 1 -0.00943124 -0.00979938 0.93104976 0
1 -0.11317797 -0.06963626 0.93144596 1 0.00429233 -0.01589399 0.93144596 0
1 -0.11320525 -0.06512132 0.92836559 1 0.01138069 -0.01470788 0.92836559 0
1 -0.14360505 -0.04611503 0.93474692 1 -0.00157398 -0.00596171 0.93474692 0
1 -0.13645037 -0.03424222 0.91682696 1 -0.00510906 0.00036172 0.91682696 0
1 -0.13118616 -0.01478812 0.89456487 1 0.00311235 0.00690672 0.89456487 0
1 -0.08824312 -0.00516788 0.86645758 1 0.03218739 0.00989266 0.86645758 0
1 -0.07776889 0.01339814 0.84425139 1 0.05192472 0.01526047 0.84425139 0
2 -0.05544649 0.02824330 0.82257885 2 0.06357501 0.02013607 0.82257885 3
2 -0.02606578 0.03720088 0.79317516 2 0.07898866 0.02120971 0.79317516 3
2 0.00458389 0.04426882 0.77323729 2 0.10124604 0.02008849 0.77323729 0
2 0.03682837 0.04743533 0.75384468 2 0.12360633 0.01856400 0.75384468 0
2 0.07195903 0.04478465 0.73736918 2 0.14287673 0.01561832 0.73736918 3
2 0.10800530 0.03383735 0.71974361 2 0.16239910 0.00733022 0.71974361 3
2 0.14381886 0.01925715 0.70674908 2 0.18396617 -0.00469695 0.70674908 3
2 0.17832284 -0.00708837 0.69556946 2 0.20512412 -0.02086714 0.69556946 3
2 0.20435062 -0.03378044 0.68608654 2 0.22031672 -0.03889565 0.68608654 3
2 0.22766109 -0.06679717 0.67948586 2 0.23175763 -0.06054603 0.67948586 3
2 0.24205895 -0.09800638 0.68061310 2 0.23918638 -0.08199328 0.68061310 3
2 0.24887334 -0.11882122 0.67686576 2 0.24281493 -0.09550451 0.67686576 3
2 0.25261164 -0.13454674 0.68053508 2 0.24100786 -0.09919944 0.68053508 3
2 0.25252709 -0.14174572 0.68015808 2 0.23978980 -0.10102329 0.68015808 3
2 0.25177923 -0.14254567 0.67881411 2 0.23784117 -0.09664371 0.67881411 0
2 0.24609146 -0.13062279 0.68051773 2 0.23666358 -0.08530719 0.68051773 0
2 0.23770860 -0.11526469 0.67917985 2 0.23450764 -0.06898368 0.67917985 3
2 0.22581689 -0.08947651 0.68302298 2 0.22804818 -0.04366697 0.68302298 3
2 0.20983885 -0.06396882 0.68520069 2 0.22190860 -0.02278627 0.68520069 3
2 0.18817052 -0.03389316 0.69439119 2 0.21299596 0.00251418 0.69439119 3
2 0.16400920 -0.00703787 0.70113271 2 0.20142649 0.02868689 0.70113271 3
2 0.13329306 0.02272588 0.71414262 2 0.18564834 0.05328171 0.71414262 3
2 0.10334233 0.04214301 0.72688746 2 0.16858265 0.07116301 0.72688746 3
2 0.06606679 0.05775645 0.74320579 2 0.14909725 0.08173727 0.74320579 3
2 0.03159922 0.06057169 0.76816475 2 0.12974642 0.08165756 0.76816475 3
2 -0.00562215 0.05797956 0.79304659 2 0.10759116 0.07619140 0.79304659 3
2 -0.03093792 0.04209270 0.82031465 2 0.09007722 0.06284697 0.82031465 3
2 -0.05744247 0.02270559 0.84716916 2 0.07632138 0.04079545 0.84716916 3
1 -0.10267112 0.01103174 0.87622190 1 0.05191651 0.02057488 0.87622190 0
1 -0.11585229 -0.01491933 0.89855790 1 0.03213529 -0.00234795 0.89855790 0
1 -0.14254954 -0.04338397 0.93103260 1 0.01360693 -0.03191090 0.93103260 0
1 -0.13973214 -0.05974120 0.93228811 1 0.00810981 -0.05858810 0.93228811 0
1 -0.09564847 -0.10084487 0.92926675 1 0.02651690 -0.09247914 0.92926675 0
1 -0.09670307 -0.10990740 0.93254220 1 0.03390322 -0.11458886 0.93254220 0
1 -0.09719778 -0.11353730 0.92940575 1 0.02477713 -0.12351666 0.92940575 0
1 -0.09781364 -0.10926511 0.92361695 1 0.01097962 -0.12509972 0.92361695 0
1 -0.09810573 -0.10058213 0.91843808 1 0.00117283 -0.12438238 0.91843808 0
1 -0.12851454 -0.06896637 0.91235453 1 -0.01891096 -0.10877553 0.91235453 0
1 -0.12767906 -0.05855611 0.90836364 1 -0.03745015 -0.09136105 0.90836364 0
1 -0.10934537 -0.03314274 0.88658494 1 -0.03984959 -0.07205763 0.88658494 0
1 -0.06630118 -0.02409645 0.85468984 1 -0.01392966 -0.06076613 0.85468984 0
2 -0.04445923 -0.01176317 0.83017206 2 0.00641465 -0.04716884 0.83017206 0
2 -0.00989031 -0.00689393 0.80240613 2 0.02294055 -0.03383133 0.80240613 3
2 0.01634125 0.00448075 0.77734828 2 0.02919468 -0.01410806 0.77734828 3
2 0.04920501 0.00876843 0.75311089 2 0.05711520 -0.00690424 0.75311089 3
2 0.08634085 0.00528407 0.72969395 2 0.07169098 0.00840894 0.72969395 3
2 0.12042733 -0.00210626 0.70877719 2 0.09979456 0.01070002 0.70877719 3
2 0.15509050 -0.01925006 0.69354934 2 0.12358768 0.00969927 0.69354934 3
2 0.18500163 -0.04296593 0.67892456 2 0.14719367 0.00241693 0.67892456 3
2 0.21144222 -0.07084466 0.67163277 2 0.17375676 -0.01388053 0.67163277 3
2 0.23175298 -0.10109089 0.66685873 2 0.19752938 -0.03147879 0.66685873 3
2 0.24440841 -0.12676953 0.66331190 2 0.21155059 -0.04362598 0.66331190 3
2 0.25098750 -0.14992656 0.66201299 2 0.22189808 -0.05624959 0.66201299 0
2 0.25262448 -0.16450313 0.66162741 2 0.23394033 -0.06878250 0.66162741 0
2 0.25031400 -0.16931136 0.66179836 2 0.24615288 -0.07834046 0.66179836 0
2 0.24433583 -0.16452797 0.66111505 2 0.24872990 -0.07401984 0.66111505 0
2 0.23666136 -0.15226956 0.65980124 2 0.24883419 -0.06288688 0.65980124 0
2 0.22506249 -0.13344583 0.65822703 2 0.25082338 -0.05147569 0.65822703 0
2 0.20914795 -0.10952933 0.65784407 2 0.25110358 -0.03971824 0.65784407 3
2 0.19084895 -0.08550921 0.66443694 2 0.24584101 -0.02698417 0.66443694 3
2 0.16727471 -0.06467130 0.67806250 2 0.23532532 -0.01648258 0.67806250 3
2 0.14520256 -0.04917760 0.69329637 2 0.22423515 -0.01034403 0.69329637 3
2 0.10652850 0.00277740 0.69651109 2 0.20684339 0.00768080 0.69651109 3
2 0.07482185 0.02209098 0.71363050 2 0.18549903 0.02245042 0.71363050 3
2 0.04402846 0.03527990 0.73062730 2 0.16104819 0.02776562 0.73062730 3
2 0.01397672 0.04042483 0.75607705 2 0.13686672 0.02041672 0.75607705 3
2 -0.01880404 0.04251444 0.78037804 2 0.11311840 0.00813967 0.78037804 3
2 -0.04192357 0.03224134 0.80297500 2 0.09027038 -0.00623036 0.80297500 3
2 -0.08222871 0.02611957 0.83341891 2 0.05591714 -0.01895360 0.83341891 3
2 -0.09517349 0.00319282 0.85354942 2 0.02908954 -0.03784406 0.85354942 3
2 -0.10922622 -0.02339039 0.88166738 2 0.01120242 -0.06353964 0.88166738 3
1 -0.13278359 -0.04496894 0.90790838 1 -0.00843950 -0.08638253 0.90790838 3
1 -0.13732377 -0.05987781 0.92134565 1 -0.02716843 -0.09676170 0.92134565 0
1 -0.13374059 -0.07394543 0.93453503 1 -0.04038747 -0.09992953 0.93453503 0
1 -0.13037737 -0.07937200 0.94004184 1 -0.04268861 -0.10263082 0.94004184 0
1 -0.12722583 -0.07993729 0.94069970 1 -0.03950705 -0.10229004 0.94069970 0
1 -0.12363792 -0.07497443 0.93411893 1 -0.03965848 -0.09390439 0.93411893 0
1 -0.12192726 -0.06430297 0.92698663 1 -0.05821033 -0.06636197 0.92698663 0
1 -0.12065031 -0.05061629 0.91144729 1 -0.06031570 -0.04688919 0.91144729 0
1 -0.09432246 -0.04403737 0.88141018 1 -0.04626131 -0.03372887 0.88141018 0
2 -0.06978799 -0.03587016 0.85156852 2 -0.02468733 -0.02042903 0.85156852 3
1 -0.06084621 -0.01937100 0.82404619 1 -0.01151936 -0.00235152 0.82404619 3
1 -0.06807733 0.01049707 0.79637146 1 -0.01141741 0.02471588 0.79637146 0
2 -0.00391806 -0.00430318 0.75960273 2 0.01970800 0.03238820 0.75960273 0
2 0.03507509 -0.00536801 0.72997934 2 0.06593732 0.03011002 0.72997934 3
2 0.07264027 -0.00639596 0.70191061 2 0.10836107 0.02730607 0.70191061 3
2 0.11066753 -0.01095815 0.67893356 2 0.13877337 0.02907497 0.67893356 3
2 0.15485443 -0.04083132 0.66744757 2 0.17181695 0.01883392 0.66744757 3
2 0.18279859 -0.04786641 0.65003800 2 0.20717108 0.00304288 0.65003800 3
2 0.21489905 -0.05444942 0.63356972 2 0.24061386 -0.00822609 0.63356972 3
2 0.23867083 -0.07302529 0.62667662 2 0.26585123 -0.02251414 0.62667662 3
2 0.26161575 -0.09537012 0.62767237 2 0.28614807 -0.04220712 0.62767237 3
2 0.27199423 -0.10754612 0.62805104 2 0.30314180 -0.06350702 0.62805104 0
2 0.27734658 -0.11773334 0.62825871 2 0.31528881 -0.08150260 0.62825871 0
2 0.27617660 -0.12211538 0.62599885 2 0.31792158 -0.09342644 0.62599885 0
2 0.27068454 -0.12342342 0.62596560 2 0.31217271 -0.10342658 0.62596560 0
2 0.26110947 -0.11972850 0.61967570 2 0.30353296 -0.11207152 0.61967570 0
2 0.23876218 -0.10613065 0.62043566 2 0.28916979 -0.11402964 0.62043566 0
2 0.21238063 -0.09073469 0.62223285 2 0.26569197 -0.10882443 0.62223285 3
2 0.18706116 -0.07652038 0.62847811 2 0.23677270 -0.09914860 0.62847811 3
2 0.15282860 -0.06545307 0.64510918 2 0.20365778 -0.09083475 0.64510918 3
2 0.10990300 -0.03566658 0.65705001 2 0.16845489 -0.07412550 0.65705001 3
2 0.06722256 -0.02026846 0.67960715 2 0.13245153 -0.05652004 0.67960715 3
2 0.02476141 -0.01324409 0.70905578 2 0.09253298 -0.04142547 0.70905578 3
2 -0.01693272 -0.00931606 0.74209368 2 0.05372726 -0.03154354 0.74209368 3
2 -0.05685323 -0.00955742 0.77910274 2 0.01902479 -0.02462856 0.77910274 3
2 -0.08309064 -0.01962123 0.81378520 2 -0.00460996 -0.02422171 0.81378520 3
2 -0.11027444 -0.02810078 0.85613555 2 -0.02547823 -0.02485489 0.85613555 3
2 -0.11325138 -0.04511001 0.88130724 2 -0.03571929 -0.02782876 0.88130724 3
1 -0.11623673 -0.06064982 0.90901726 1 -0.03721718 -0.03276841 0.90901726 3
1 -0.14551364 -0.05703693 0.94755119 1 -0.04572296 -0.03182816 0.94755119 0
1 -0.14300294 -0.06038357 0.96896267 1 -0.05032486 -0.02687324 0.96896267 0
1 -0.13877267 -0.06047294 0.97505760 1 -0.04630552 -0.02269580 0.97505760 1
1 -0.13604787 -0.05970432 0.97731513 1 -0.03701876 -0.01909623 0.97731513 1
1 -0.13479233 -0.05538756 0.97150147 1 -0.02810045 -0.01492304 0.97150147 0
1 -0.13140178 -0.05271837 0.95447445 1 -0.02186577 -0.01060877 0.95447445 0
1 -0.12323277 -0.05201086 0.93144828 1 -0.01403777 -0.00893878 0.93144828 0
1 -0.11482113 -0.05125583 0.90377605 1 -0.00266781 -0.01134497 0.90377605 0
1 -0.12299236 -0.03823685 0.88001126 1 0.00299065 -0.01074122 0.88001126 0
2 -0.08663549 -0.04656288 0.83857399 2 0.02185274 -0.01616407 0.83857399 0
2 -0.06897258 -0.04319165 0.80752176 2 0.04149937 -0.02077660 0.80752176 3
2 -0.04130444 -0.04409495 0.77456939 2 0.06311756 -0.02827619 0.77456939 3
2 -0.01606696 -0.04138542 0.74753940 2 0.08237533 -0.03662477 0.74753940 3
2 0.01839106 -0.04287095 0.71920800 2 0.10230701 -0.04526535 0.71920800 3
1 0.04660062 -0.03195657 0.69288099 1 0.12074634 -0.04611499 0.69288099 0
2 0.09393823 -0.05576580 0.67725462 2 0.14550260 -0.06030656 0.67725462 0
2 0.13573922 -0.07966693 0.66581869 2 0.17294560 -0.08656129 0.66581869 3
2 0.16551448 -0.09379202 0.65427667 2 0.19326241 -0.10781801 0.65427667 3
2 0.19933735 -0.10939263 0.64391285 2 0.20971665 -0.11900535 0.64391285 3
2 0.22637549 -0.12998898 0.63766533 2 0.22483765 -0.12950177 0.63766533 3
2 0.24945261 -0.14796624 0.63434356 2 0.24047314 -0.14411712 0.63434356 3
2 0.26988482 -0.16434564 0.63718051 2 0.25328487 -0.15705384 0.63718051 3
2 0.27982080 -0.17094369 0.63577574 2 0.25713667 -0.15711041 0.63577574 2
-999
