2 -0.01634269 0.05205314 0.80240625 2 -0.01634269 0.05205314 0.80240625 3
2 -0.01696781 0.04671402 0.79806721 2 -0.01696781 0.04671402 0.79806721 0
2 -0.01942863 0.04428516 0.79936326 2 -0.01942863 0.04428516 0.79936326 0
2 -0.02155738 0.04098184 0.79807103 2 -0.02155738 0.04098184 0.79807103 0
2 -0.02313907 0.03816463 0.79765624 2 -0.02313907 0.03816463 0.79765624 0
2 -0.02443888 0.03559645 0.79987931 2 -0.02443888 0.03559645 0.79987931 0
2 -0.02513731 0.03385930 0.79984748 2 -0.02513731 0.03385930 0.79984748 0
2 -0.02549946 0.03259292 0.80090469 2 -0.02549946 0.03259292 0.80090469 3
2 -0.02435911 0.03235411 0.80083966 2 -0.02435911 0.03235411 0.80083966 3
2 -0.02164627 0.03348931 0.79811519 2 -0.02164627 0.03348931 0.79811519 0
2 -0.01641730 0.03582939 0.79536772 2 -0.01641730 0.03582939 0.79536772 0
2 -0.00705707 0.03944833 0.79250908 2 -0.00705707 0.03944833 0.79250908 0
2 0.00712392 0.04325758 0.78475726 2 0.00712392 0.04325758 0.78475726 0
2 0.02497554 0.04492052 0.77651930 2 0.02497554 0.04492052 0.77651930 3
2 0.04591982 0.04320269 0.76559037 2 0.04591982 0.04320269 0.76559037 3
2 0.06838500 0.03958317 0.75292802 2 0.06838500 0.03958317 0.75292802 3
2 0.09451269 0.02777472 0.74011922 2 0.09451269 0.02777472 0.74011922 3
2 0.12005433 0.01458655 0.72662854 2 0.12005433 0.01458655 0.72662854 3
2 0.14523160 -0.00538008 0.71231341 2 0.14523160 -0.00538008 0.71231341 3
2 0.16707258 -0.02731716 0.70174873 2 0.16707258 -0.02731716 0.70174873 3
2 0.18529183 -0.05348796 0.69355041 2 0.18529183 -0.05348796 0.69355041 3
2 0.19978084 -0.07827867 0.68728447 2 0.19978084 -0.07827867 0.68728447 3
2 0.21098666 -0.09717009 0.68315208 2 0.21098666 -0.09717009 0.68315208 3
2 0.21747302 -0.11087201 0.67866421 2 0.21747302 -0.11087201 0.67866421 0
2 0.22209726 -0.12066108 0.67885083 2 0.22209726 -0.12066108 0.67885083 0
2 0.22214538 -0.12376441 0.67855185 2 0.22214538 -0.12376441 0.67855185 0
2 0.22050454 -0.12061280 0.67946106 2 0.22050454 -0.12061280 0.67946106 0
2 0.21579002 -0.11368361 0.68199944 2 0.21579002 -0.11368361 0.68199944 0
2 0.20764120 -0.10181476 0.68203336 2 0.20764120 -0.10181476 0.68203336 0
2 0.19447321 -0.08220620 0.68566638 2 0.19447321 -0.08220620 0.68566638 3
2 0.17617621 -0.06297748 0.69251621 2 0.17617621 -0.06297748 0.69251621 3
2 0.15649691 -0.05614347 0.71085644 2 0.15649691 -0.05614347 0.71085644 3
2 0.13071369 -0.02043741 0.71381217 2 0.13071369 -0.02043741 0.71381217 3
2 0.10268209 -0.00355248 0.72608930 2 0.10268209 -0.00355248 0.72608930 3
2 0.07347229 0.01148128 0.74052697 2 0.07347229 0.01148128 0.74052697 3
2 0.04288473 0.02303280 0.75421137 2 0.04288473 0.02303280 0.75421137 3
2 0.01224450 0.03033952 0.76888686 2 0.01224450 0.03033952 0.76888686 3
2 -0.01529225 0.02795009 0.78646207 2 -0.01529225 0.02795009 0.78646207 3
2 -0.04243083 0.02197469 0.80302870 2 -0.04243083 0.02197469 0.80302870 3
2 -0.06309780 0.01074070 0.81780839 2 -0.06309780 0.01074070 0.81780839 3
2 -0.09109946 0.00623251 0.83640015 2 -0.09109946 0.00623251 0.83640015 3
2 -0.10617634 0.00267755 0.85211104 2 -0.10617634 0.00267755 0.85211104 0
2 -0.11241200 -0.00253169 0.86061478 2 -0.11241200 -0.00253169 0.86061478 0
1 -0.11414418 -0.00609684 0.86729527 1 -0.11414418 -0.00609684 0.86729527 0
2 -0.10485581 -0.01647472 0.86298323 2 -0.10485581 -0.01647472 0.86298323 0
1 -0.11003309 0.01447756 0.88156110 1 -0.11003309 0.01447756 0.88156110 0
2 -0.10039736 -0.01044930 0.86186850 2 -0.10039736 -0.01044930 0.86186850 0
2 -0.09766845 -0.00847143 0.85696971 2 -0.09766845 -0.00847143 0.85696971 3
2 -0.08547525 -0.01226737 0.84283823 2 -0.08547525 -0.01226737 0.84283823 3
2 -0.07509510 -0.00551104 0.83408600 2 -0.07509510 -0.00551104 0.83408600 3
2 -0.07205839 0.02155688 0.82087630 2 -0.07205839 0.02155688 0.82087630 3
2 -0.03734281 0.00470504 0.80567563 2 -0.03734281 0.00470504 0.80567563 3
2 -0.01800870 0.01296482 0.79143733 2 -0.01800870 0.01296482 0.79143733 3
2 0.00502317 0.01686112 0.77582192 2 0.00502317 0.01686112 0.77582192 3
2 0.03344183 0.01042987 0.76124007 2 0.03344183 0.01042987 0.76124007 3
2 0.05658751 0.00802530 0.74626911 2 0.05658751 0.00802530 0.74626911 3
2 0.08037457 0.00028843 0.73064852 2 0.08037457 0.00028843 0.73064852 3
2 0.10361873 -0.01180543 0.71489924 2 0.10361873 -0.01180543 0.71489924 3
2 0.12570472 -0.03089456 0.70130235 2 0.12570472 -0.03089456 0.70130235 3
2 0.14682657 -0.06043651 0.69647878 2 0.14682657 -0.06043651 0.69647878 3
2 0.16480672 -0.07875873 0.68640453 2 0.16480672 -0.07875873 0.68640453 3
2 0.18159465 -0.09600812 0.67417324 2 0.18159465 -0.09600812 0.67417324 3
2 0.19401897 -0.11312828 0.67279643 2 0.19401897 -0.11312828 0.67279643 3
2 0.20126833 -0.12603402 0.67059273 2 0.20126833 -0.12603402 0.67059273 3
2 0.20426375 -0.13512316 0.67037618 2 0.20426375 -0.13512316 0.67037618 3
2 0.20513752 -0.13878575 0.67259163 2 0.20513752 -0.13878575 0.67259163 3
2 0.20257665 -0.13943377 0.67203403 2 0.20257665 -0.13943377 0.67203403 3
2 0.19847955 -0.13481717 0.67164814 2 0.19847955 -0.13481717 0.67164814 3
2 0.19171962 -0.12833951 0.67304909 2 0.19171962 -0.12833951 0.67304909 3
2 0.18040758 -0.11854883 0.67538738 2 0.18040758 -0.11854883 0.67538738 0
2 0.16551074 -0.09796910 0.67593694 2 0.16551074 -0.09796910 0.67593694 0
2 0.14799543 -0.08340037 0.68538123 2 0.14799543 -0.08340037 0.68538123 3
2 0.13005252 -0.06893513 0.69625115 2 0.13005252 -0.06893513 0.69625115 3
2 0.10481798 -0.03847434 0.69688857 2 0.10481798 -0.03847434 0.69688857 3
2 0.07920842 -0.02477500 0.70984161 2 0.07920842 -0.02477500 0.70984161 3
2 0.04680928 -0.01108589 0.72445214 2 0.04680928 -0.01108589 0.72445214 3
2 0.01329664 -0.00625604 0.74540281 2 0.01329664 -0.00625604 0.74540281 3
2 -0.02014314 -0.00331689 0.76620930 2 -0.02014314 -0.00331689 0.76620930 3
2 -0.04873382 -0.00880598 0.79072452 2 -0.04873382 -0.00880598 0.79072452 3
2 -0.08345717 -0.00842883 0.81831568 2 -0.08345717 -0.00842883 0.81831568 3
1 -0.10166580 -0.01912602 0.83948582 1 -0.01628174 -0.00643473 0.83948582 3
1 -0.12822738 -0.01288522 0.87140739 1 -0.02993656 -0.00341830 0.87140739 0
1 -0.12664883 -0.02096656 0.89426547 1 -0.03200478 -0.00502102 0.89426547 0
1 -0.12942973 -0.02350005 0.90457290 1 -0.03360283 -0.00740448 0.90457290 0
1 -0.11509033 -0.05340565 0.89459789 1 -0.02927135 -0.02028599 0.89459789 0
1 -0.11455662 -0.05371698 0.89743030 1 -0.02848300 -0.02249402 0.89743030 0
1 -0.11400227 -0.05212558 0.89738572 1 -0.03030211 -0.02087457 0.89738572 0
1 -0.11290435 -0.04902382 0.89294672 1 -0.02938330 -0.02070918 0.89294672 0
1 -0.11131132 -0.04480232 0.88539094 1 -0.03033890 -0.01816021 0.88539094 0
1 -0.11999913 -0.00521475 0.89427662 1 -0.03409635 -0.00076523 0.89427662 0
2 -0.10191175 -0.03061046 0.85972762 2 -0.02730629 -0.01115215 0.85972762 0
1 -0.09797362 -0.01809868 0.84343368 1 -0.02450118 -0.00825965 0.84343368 0
2 -0.08551887 -0.01333012 0.82152295 2 -0.02036040 -0.00386979 0.82152295 0
2 -0.06230518 -0.01555063 0.79808521 2 -0.00860164 -0.00750996 0.79808521 3
2 -0.04202056 -0.01185580 0.77656186 2 0.00018036 -0.00441571 0.77656186 3
2 -0.02030878 -0.01019436 0.75291985 2 0.01088113 -0.00542645 0.75291985 3
2 0.00667089 -0.01292855 0.73199290 2 0.02339678 -0.00604821 0.73199290 3
2 0.03454487 -0.01970592 0.71224034 2 0.03697349 -0.01061027 0.71224034 3
2 0.06090068 -0.02684766 0.68987286 2 0.04979794 -0.01395105 0.68987286 3
2 0.08688099 -0.03962645 0.67203081 2 0.06228456 -0.02109514 0.67203081 3
2 0.11324091 -0.06613432 0.66212267 2 0.07549293 -0.03409915 0.66212267 3
2 0.13428605 -0.08563621 0.64935219 2 0.08573236 -0.04467044 0.64935219 3
2 0.15626502 -0.09973722 0.63267094 2 0.09696569 -0.05191894 0.63267094 3
2 0.17464110 -0.11853280 0.62514770 2 0.10613871 -0.06205882 0.62514770 0
2 0.19032185 -0.13626042 0.62017226 2 0.11449488 -0.07160312 0.62017226 0
2 0.20354526 -0.15312150 0.61748254 2 0.12138955 -0.08046585 0.61748254 3
2 0.21377067 -0.16859184 0.61703086 2 0.12714835 -0.08874565 0.61703086 3
2 0.22187704 -0.18072006 0.61951387 2 0.13169032 -0.09584644 0.61951387 0
2 0.22556108 -0.18728963 0.61924452 2 0.13420674 -0.09931051 0.61924452 0
2 0.22745627 -0.19005050 0.61781192 2 0.13566437 -0.10244210 0.61781192 0
2 0.22379856 -0.18707705 0.61483246 2 0.13442236 -0.10088647 0.61483246 0
2 0.21540818 -0.18510830 0.61914194 2 0.13096470 -0.10194676 0.61914194 0
2 0.20541231 -0.17622630 0.62017292 2 0.12631012 -0.09733417 0.62017292 0
2 0.19019836 -0.14911637 0.61648154 2 0.11968958 -0.08660491 0.61648154 0
2 0.17350921 -0.12971011 0.62426704 2 0.11144191 -0.07611115 0.62426704 0
2 0.14950064 -0.10349965 0.63337523 2 0.10063953 -0.06595006 0.63337523 0
2 0.12387262 -0.08573424 0.64880013 2 0.08771163 -0.05576131 0.64880013 0
2 0.09846047 -0.07410645 0.67563748 2 0.07612778 -0.05248825 0.67563748 3
1 0.05843301 -0.02763090 0.68165439 1 0.05635100 -0.02947024 0.68165439 3
2 0.02462449 -0.02251381 0.71337599 2 0.03976370 -0.02564722 0.71337599 3
2 -0.00751212 -0.01709131 0.74621493 2 0.02402334 -0.02522622 0.74621493 3
2 -0.03701638 -0.01715438 0.77628601 2 0.00931217 -0.02363044 0.77628601 1
2 -0.06076666 -0.02250759 0.80500084 2 -0.00251036 -0.02859606 0.80500084 1
2 -0.07198384 -0.03342053 0.82489735 2 -0.00859722 -0.03224161 0.82489735 1
2 -0.08719733 -0.03474750 0.84120417 2 -0.01608275 -0.03511808 0.84120417 1
2 -0.09069376 -0.03153530 0.84502876 2 -0.01860977 -0.03326174 0.84502876 1
1 -0.10663065 -0.00851475 0.84381193 1 -0.02616909 -0.02385929 0.84381193 1
2 -0.08997639 -0.02993441 0.84153718 2 -0.01967813 -0.03281571 0.84153718 1
1 -0.08450139 -0.02470439 0.82907432 1 -0.01573233 -0.03308979 0.82907432 1
2 -0.06736775 -0.02770820 0.81602067 2 -0.00938754 -0.03256032 0.81602067 1
2 -0.05562443 -0.02111918 0.80096555 2 -0.00223532 -0.03193535 0.80096555 1
2 -0.04103232 -0.01483114 0.78524172 2 0.00310732 -0.02719351 0.78524172 1
2 -0.02455080 -0.00889625 0.76668733 2 0.01242656 -0.02624387 0.76668733 1
2 -0.00611415 -0.00540606 0.74584645 2 0.02011808 -0.02334752 0.74584645 3
2 0.01463693 -0.00507933 0.72671145 2 0.03129718 -0.02439900 0.72671145 3
2 0.03683025 -0.00840435 0.70844734 2 0.04140291 -0.02540877 0.70844734 3
2 0.05894998 -0.01427373 0.68771279 2 0.05307320 -0.02882583 0.68771279 3
2 0.08286603 -0.02428331 0.67044115 2 0.06462047 -0.03366095 0.67044115 3
2 0.10996181 -0.06270606 0.67140949 2 0.07850713 -0.05194815 0.67140949 3
2 0.12872805 -0.07344627 0.65510714 2 0.08843793 -0.05879315 0.65510714 0
2 0.14702183 -0.07958934 0.63722801 2 0.09779716 -0.06078691 0.63722801 0
1 0.16659634 -0.07743415 0.61152810 1 0.10855976 -0.06187676 0.61152810 0
2 0.18366763 -0.11688251 0.62111533 2 0.11722685 -0.07916080 0.62111533 0
2 0.19633874 -0.13599101 0.61564696 2 0.12490493 -0.09189499 0.61564696 0
2 0.20723109 -0.15515333 0.61485302 2 0.13042469 -0.09954551 0.61485302 0
2 0.21714310 -0.17623201 0.61922807 2 0.13670482 -0.11301699 0.61922807 0
2 0.22341686 -0.19021961 0.62143022 2 0.13986854 -0.11900366 0.62143022 0
2 0.22529654 -0.20028739 0.62260771 2 0.14198668 -0.12655917 0.62260771 0
2 0.22642778 -0.20434417 0.62268192 2 0.14241770 -0.12845244 0.62268192 0
2 0.22482270 -0.20280182 0.62351584 2 0.14249660 -0.12944557 0.62351584 0
2 0.22001220 -0.19496760 0.62235534 2 0.14000168 -0.12596032 0.62235534 0
2 0.20931531 -0.18703724 0.62729263 2 0.13524140 -0.12261336 0.62729263 0
2 0.19900273 -0.15644704 0.61991906 2 0.13001756 -0.10893334 0.61991906 0
2 0.18386878 -0.13271081 0.62452090 2 0.12269066 -0.09622428 0.62452090 0
2 0.16415758 -0.10383095 0.63542038 2 0.11298085 -0.08379516 0.63542038 0
2 0.14061223 -0.09437340 0.66517442 2 0.10109758 -0.07676590 0.66517442 0
2 0.11564761 -0.07303774 0.68339998 2 0.08876555 -0.06870782 0.68339998 0
2 0.07412684 -0.01983560 0.68332505 2 0.06793567 -0.04023872 0.68332505 3
2 0.03728586 -0.00436888 0.70867544 2 0.04929554 -0.03377463 0.70867544 3
2 0.00136446 0.00346479 0.73680437 2 0.03092008 -0.02822268 0.73680437 3
2 -0.02992412 0.00335967 0.76807034 2 0.01469046 -0.02820150 0.76807034 3
2 -0.05504847 -0.00455711 0.79699707 2 0.00134282 -0.03144503 0.79699707 1
2 -0.08811512 -0.00245185 0.81861120 2 -0.01550916 -0.03050002 0.81861120 1
2 -0.09672954 -0.01431191 0.82464880 2 -0.02143592 -0.03594474 0.82464880 1
1 -0.11895826 -0.00969991 0.83618665 1 -0.03231934 -0.03405895 0.83618665 1
1 -0.12182613 -0.01319486 0.83903152 1 -0.03571974 -0.03596006 0.83903152 1
1 -0.12718311 -0.00501367 0.86128414 1 -0.03803157 -0.03217296 0.86128414 1
1 -0.12660109 -0.00626416 0.86258173 1 -0.03932374 -0.03332790 0.86258173 1
1 -0.12512928 -0.00776345 0.86166900 1 -0.03854887 -0.03347141 0.86166900 1
1 -0.10698006 -0.01654737 0.83446354 1 -0.03068104 -0.03869814 0.83446354 1
2 -0.08874790 -0.02436355 0.82931137 2 -0.02126981 -0.04158662 0.82931137 1
1 -0.11537749 0.01447797 0.84312254 1 -0.03377530 -0.02489671 0.84312254 1
2 -0.06048935 -0.01837356 0.80974776 2 -0.00869769 -0.03757217 0.80974776 1
2 -0.04518475 -0.01104876 0.79330850 2 0.00110618 -0.03700951 0.79330850 1
2 -0.02559358 -0.00587992 0.77490240 2 0.00892175 -0.03247871 0.77490240 1
2 -0.00277134 -0.00594612 0.75534266 2 0.02224004 -0.03427361 0.75534266 3
2 0.02211687 -0.00806676 0.73708540 2 0.03320117 -0.03374996 0.73708540 3
2 0.04647237 -0.01341210 0.71419513 2 0.04714017 -0.03739579 0.71419513 3
2 0.07092961 -0.02261704 0.69314557 2 0.05805536 -0.04019723 0.69314557 3
2 0.09575657 -0.03908718 0.67686242 2 0.07300229 -0.05030387 0.67686242 3
2 0.11915147 -0.06494713 0.66764253 2 0.08332594 -0.06096757 0.66764253 3
2 0.13938786 -0.08584922 0.65137994 2 0.09569388 -0.07314813 0.65137994 0
2 0.15963951 -0.10505207 0.63295096 2 0.10518645 -0.08182455 0.63295096 0
2 0.17706278 -0.12940873 0.62387776 2 0.11536810 -0.09472964 0.62387776 0
2 0.19184734 -0.15680769 0.62142485 2 0.12284542 -0.10857220 0.62142485 0
2 0.20475189 -0.18165109 0.61954159 2 0.13008197 -0.12128807 0.61954159 0
2 0.21307544 -0.20089018 0.62065947 2 0.13498573 -0.13229650 0.62065947 0
2 0.21708526 -0.21448474 0.62108678 2 0.13719001 -0.13921763 0.62108678 0
2 0.21935941 -0.22218835 0.62323433 2 0.13940468 -0.14474086 0.62323433 0
2 0.21956053 -0.22268271 0.62376797 2 0.13918144 -0.14476244 0.62376797 0
2 0.21641350 -0.21721418 0.62509352 2 0.13885285 -0.14408050 0.62509352 0
2 0.20980982 -0.20525242 0.62488353 2 0.13483335 -0.13758016 0.62488353 0
2 0.20107757 -0.18935287 0.62592882 2 0.13163809 -0.13153142 0.62592882 0
2 0.19071141 -0.16872320 0.63407177 2 0.12565121 -0.12059221 0.63407177 0
2 0.17759964 -0.14385131 0.64538115 2 0.12001597 -0.10964485 0.64538115 0
2 0.15707417 -0.11558896 0.66298735 2 0.10930690 -0.09503448 0.66298735 0
2 0.13284127 -0.09249666 0.68452388 2 0.09765431 -0.08403833 0.68452388 0
2 0.10607745 -0.06504280 0.70573694 2 0.08407883 -0.07038277 0.70573694 3
2 0.07501213 -0.04348116 0.72760475 2 0.06838225 -0.05875346 0.72760475 3
2 0.04417840 -0.03113256 0.74919534 2 0.05314600 -0.05334636 0.74919534 3
2 0.00793747 -0.01926482 0.77029866 2 0.03428201 -0.04572939 0.77029866 3
2 -0.02941311 -0.01477066 0.79596072 2 0.01610548 -0.04439231 0.79596072 1
1 -0.05302078 -0.02812432 0.81711406 1 0.00236292 -0.04870773 0.81711406 1
1 -0.04915181 -0.05894208 0.83293384 1 0.00438215 -0.06551655 0.83293384 1
1 -0.07949623 -0.07944719 0.80948812 1 -0.01201967 -0.07357167 0.80948812 1
1 -0.08097239 -0.10283984 0.80173868 1 -0.01297162 -0.08756613 0.80173868 1
2 -0.09023322 -0.11478666 0.76823252 2 -0.01873196 -0.09150150 0.76823252 1
2 -0.09387510 -0.11250788 0.77452493 2 -0.02047347 -0.09356559 0.77452493 1
2 -0.09421457 -0.11134403 0.77682185 2 -0.02158502 -0.09073141 0.77682185 1
2 -0.09573311 -0.10932737 0.77873242 2 -0.02192821 -0.09274978 0.77873242 1
2 -0.09643640 -0.10853308 0.77825409 2 -0.02254336 -0.09021500 0.77825409 1
2 -0.09718680 -0.10698938 0.78072798 2 -0.02233122 -0.09249283 0.78072798 1
1 -0.09645781 -0.10485908 0.78252703 1 -0.02200589 -0.08997011 0.78252703 1
1 -0.09840563 -0.08895230 0.77445412 1 -0.02260741 -0.08441480 0.77445412 1
1 -0.10022411 -0.08864497 0.77449417 1 -0.02378268 -0.08208892 0.77449417 1
1 -0.10270619 -0.08704501 0.77424818 1 -0.02446013 -0.08368459 0.77424818 1
1 -0.06645489 -0.03565490 0.80830646 1 -0.00796404 -0.05740052 0.80830646 1
1 -0.03086822 -0.02966910 0.80983806 1 0.01046331 -0.05383638 0.80983806 1
2 -0.03731430 0.00627447 0.79435515 2 0.00805205 -0.03855948 0.79435515 1
2 -0.00602918 0.01065128 0.77798378 2 0.02255144 -0.03316998 0.77798378 1
2 0.02687284 0.00116298 0.76713860 2 0.04018843 -0.04033739 0.76713860 1
2 0.05152206 -0.00421373 0.75010580 2 0.05221797 -0.04056547 0.75010580 1
2 0.07546440 -0.01652536 0.72990066 2 0.06518535 -0.04835919 0.72990066 1
2 0.09641342 -0.03182157 0.71561944 2 0.07569408 -0.05415702 0.71561944 3
2 0.11661021 -0.06063535 0.70717579 2 0.08678115 -0.06944898 0.70717579 3
2 0.13157311 -0.08649787 0.69749779 2 0.09464894 -0.08161486 0.69749779 3
2 0.14247021 -0.11944285 0.69954336 2 0.10083271 -0.09821511 0.69954336 3
2 0.15334377 -0.13395177 0.68650687 2 0.10676713 -0.10635878 0.68650687 0
2 0.15863782 -0.15731795 0.68959725 2 0.10997070 -0.11766571 0.68959725 0
2 0.16345876 -0.16942196 0.68432677 2 0.11280658 -0.12532243 0.68432677 0
2 0.16499574 -0.17612350 0.68484247 2 0.11390267 -0.12771934 0.68484247 0
2 0.16625953 -0.17764391 0.68129921 2 0.11491334 -0.13074462 0.68129921 0
2 0.16342519 -0.17270805 0.68228310 2 0.11354132 -0.12707858 0.68228310 0
2 0.15957333 -0.16314319 0.68276614 2 0.11196449 -0.12463189 0.68276614 0
2 0.15276425 -0.14943041 0.68617177 2 0.10835102 -0.11648346 0.68617177 0
2 0.14295715 -0.13479769 0.69103593 2 0.10376254 -0.11101191 0.69103593 0
2 0.12952086 -0.09870696 0.68761289 2 0.09665342 -0.09230740 0.68761289 0
2 0.11154947 -0.07694594 0.69850242 2 0.08789300 -0.08188099 0.69850242 3
2 0.08998685 -0.05107663 0.70740730 2 0.07660867 -0.06865876 0.70740730 3
2 0.06335855 -0.02701752 0.72074032 2 0.06322171 -0.05616383 0.72074032 3
2 0.03425723 -0.00858650 0.73574591 2 0.04828392 -0.04689210 0.73574591 3
2 -0.00005098 0.00633926 0.75606424 2 0.03061815 -0.03735516 0.75606424 1
2 -0.03432595 0.01040036 0.77410883 2 0.01323741 -0.03614889 0.77410883 1
2 -0.06792556 0.01096528 0.79715866 2 -0.00484398 -0.03271122 0.79715866 1
1 -0.11045023 0.03713835 0.82646245 1 -0.02578354 -0.02255631 0.82646245 1
1 -0.12711729 0.02905530 0.84072560 1 -0.03675814 -0.02173301 0.84072560 1
1 -0.11026879 -0.08365621 0.75721014 1 -0.02902951 -0.07745910 0.75721014 1
1 -0.10628208 -0.08789732 0.75958973 1 -0.02903825 -0.08011112 0.75958973 1
1 -0.10610059 -0.08750325 0.76168174 1 -0.02878504 -0.07997008 0.76168174 1
1 -0.10516836 -0.08689176 0.76020622 1 -0.03038207 -0.07996541 0.76020622 1
1 -0.10625901 -0.08617415 0.76417619 1 -0.02994487 -0.08022814 0.76417619 1
1 -0.10655660 -0.08516199 0.76397324 1 -0.03190554 -0.07981687 0.76397324 1
1 -0.10786840 -0.08508340 0.76528710 1 -0.03135015 -0.08024645 0.76528710 1
1 -0.10918867 -0.08590684 0.76682508 1 -0.03352318 -0.08038002 0.76682508 1
1 -0.10984201 -0.08318540 0.76618230 1 -0.03291832 -0.07912137 0.76618230 1
1 -0.08624831 -0.02721907 0.82879168 1 -0.02230622 -0.05404324 0.82879168 1
1 -0.08152163 -0.01932167 0.82261813 1 -0.01872218 -0.04723585 0.82261813 1
1 -0.09177939 0.01344771 0.81071085 1 -0.02414623 -0.03478898 0.81071085 1
2 -0.06013037 0.00554844 0.79333001 2 -0.00890642 -0.03404697 0.79333001 1
2 -0.03942314 0.01009208 0.77790111 2 0.00187802 -0.03614393 0.77790111 1
2 -0.01783181 0.00612306 0.76315570 2 0.01202446 -0.03335950 0.76315570 1
2 0.01285477 0.00182321 0.74960494 2 0.02775435 -0.03976728 0.74960494 1
2 0.03783336 -0.00696598 0.73334414 2 0.03980982 -0.03975873 0.73334414 1
2 0.06181744 -0.01888536 0.71722400 2 0.05241930 -0.04962773 0.71722400 1
2 0.08481933 -0.03643835 0.70141047 2 0.06342053 -0.05449249 0.70141047 1
2 0.10611739 -0.06454178 0.69416595 2 0.07489232 -0.07174551 0.69416595 3
2 0.12252639 -0.08902454 0.67939490 2 0.08276466 -0.08188410 0.67939490 3
2 0.13574494 -0.11375074 0.67112547 2 0.08998889 -0.09575512 0.67112547 0
2 0.14392847 -0.14309596 0.67085028 2 0.09383895 -0.10887366 0.67085028 0
2 0.15087326 -0.16072007 0.66844720 2 0.09790765 -0.11875720 0.66844720 0
2 0.15473717 -0.17154188 0.66700351 2 0.09956368 -0.12499348 0.66700351 0
2 0.15825196 -0.17632286 0.66697168 2 0.10161237 -0.12711084 0.66697168 0
2 0.15543741 -0.17395934 0.66535848 2 0.10010166 -0.12747368 0.66535848 0
2 0.15455751 -0.17032261 0.66832399 2 0.09963097 -0.12479188 0.66832399 0
2 0.14997789 -0.15951224 0.66921192 2 0.09729591 -0.12116871 0.66921192 0
2 0.14329857 -0.14361340 0.67473632 2 0.09361678 -0.11186976 0.67473632 0
2 0.13399856 -0.12743229 0.67988539 2 0.08907133 -0.10540587 0.67988539 0
2 0.12156201 -0.09555624 0.67960453 2 0.08228745 -0.08815072 0.67960453 3
2 0.10564937 -0.07095959 0.68856853 2 0.07450901 -0.07684708 0.68856853 3
2 0.08690815 -0.04506412 0.69849128 2 0.06425514 -0.06254555 0.69849128 3
2 0.06583836 -0.02108166 0.71010804 2 0.05403380 -0.05050767 0.71010804 3
2 0.04150356 0.00215228 0.72289085 2 0.04076628 -0.03797474 0.72289085 3
2 0.01264949 0.01779323 0.74012709 2 0.02662670 -0.02947228 0.74012709 3
2 -0.01667828 0.02525100 0.75932574 2 0.01068074 -0.02555535 0.75932574 1
2 -0.04907523 0.02737926 0.78377527 2 -0.00526547 -0.02299729 0.78377527 1
1 -0.08485329 0.03065869 0.80875933 1 -0.02481340 -0.02064965 0.80875933 1
1 -0.11444179 0.03334991 0.84370399 1 -0.03950770 -0.01907494 0.84370399 1
1 -0.12604389 0.01992639 0.86497462 1 -0.04723413 -0.02520781 0.86497462 1
1 -0.12968619 0.01410062 0.87554169 1 -0.04914219 -0.02823443 0.87554169 1
1 -0.16929726 -0.09288705 0.79759037 1 -0.06900483 -0.07860041 0.79759037 1
1 -0.13455425 -0.00761165 0.89016783 1 -0.05478500 -0.04218286 0.89016783 1
1 -0.13046287 -0.00653859 0.89127994 1 -0.05016291 -0.03614606 0.89127994 1
1 -0.12670510 -0.00333557 0.88071495 1 -0.05208889 -0.03957226 0.88071495 1
1 -0.12216202 -0.00186433 0.86942381 1 -0.04619011 -0.03436211 0.86942381 1
1 -0.12848447 0.01865287 0.86059630 1 -0.05301997 -0.02835979 0.86059630 1
1 -0.11824596 0.02911369 0.85080844 1 -0.04451913 -0.01962663 0.85080844 1
1 -0.10467629 0.03240148 0.82267654 1 -0.04141269 -0.02074276 0.82267654 1
1 -0.07030988 0.01800684 0.79927582 1 -0.02095447 -0.02533340 0.79927582 1
1 -0.06679465 0.05225839 0.78033954 1 -0.02163187 -0.01120264 0.78033954 1
1 -0.04617393 0.05456821 0.76409483 1 -0.01031087 -0.00598028 0.76409483 1
2 0.00715955 0.01675840 0.75283343 2 0.01605880 -0.02779906 0.75283343 1
2 0.02844993 0.01155385 0.73738015 2 0.02722996 -0.02751715 0.73738015 3
2 0.04995881 0.00285036 0.72442853 2 0.03807007 -0.03345115 0.72442853 3
2 0.07149871 -0.00918159 0.70946884 2 0.04930735 -0.03811440 0.70946884 3
2 0.09322526 -0.02530347 0.69758034 2 0.06044090 -0.04647991 0.69758034 3
2 0.11223312 -0.04910015 0.68887353 2 0.07035771 -0.05821757 0.68887353 3
2 0.12903352 -0.07886520 0.68618834 2 0.07912012 -0.07237207 0.68618834 3
2 0.14098722 -0.09992629 0.67608863 2 0.08558519 -0.08438024 0.67608863 3
2 0.14824553 -0.13167305 0.67644012 2 0.08957729 -0.09869725 0.67644012 3
2 0.15354469 -0.15176947 0.67068028 2 0.09257461 -0.11112947 0.67068028 0
2 0.15840016 -0.17039773 0.66708684 2 0.09522277 -0.11840446 0.66708684 0
2 0.16380556 -0.18386163 0.66476214 2 0.09809780 -0.12812191 0.66476214 3
2 0.16295910 -0.19046304 0.66587937 2 0.09785989 -0.12950931 0.66587937 3
2 0.16313419 -0.19074109 0.66420144 2 0.09795897 -0.13251172 0.66420144 0
2 0.16169426 -0.18763322 0.66129512 2 0.09718811 -0.12902084 0.66129512 0
2 0.15892422 -0.17665026 0.66269004 2 0.09567408 -0.12590663 0.66269004 0
2 0.15269183 -0.15938613 0.66251916 2 0.09250052 -0.11566209 0.66251916 0
2 0.14289001 -0.14392175 0.66805518 2 0.08743282 -0.10922737 0.66805518 0
2 0.13064119 -0.11215014 0.66676617 2 0.08119245 -0.09260062 0.66676617 0
2 0.11525010 -0.09134361 0.67508739 2 0.07316840 -0.08203388 0.67508739 3
1 0.09674979 -0.03507040 0.67196947 1 0.06387952 -0.05478436 0.67196947 3
2 0.06984618 -0.02825747 0.69058090 2 0.05008550 -0.04853124 0.69058090 3
2 0.04471416 -0.00709998 0.70444983 2 0.03739269 -0.03985282 0.70444983 3
2 0.01630152 0.01541252 0.72164041 2 0.02240582 -0.02524751 0.72164041 3
2 -0.01051330 0.02448223 0.74120808 2 0.00888749 -0.02272823 0.74120808 3
2 -0.04351278 0.03102750 0.76878834 2 -0.00856404 -0.01581733 0.76878834 1
2 -0.06926438 0.02524333 0.79028547 2 -0.02167815 -0.02072352 0.79028547 1
2 -0.10599813 0.03268152 0.82274008 2 -0.04090002 -0.01438854 0.82274008 1
1 -0.12199216 0.02446000 0.85139781 1 -0.04969311 -0.01984281 0.85139781 1
1 -0.13008058 -0.00099233 0.87533998 1 -0.05503254 -0.03013940 0.87533998 1
1 -0.13329552 -0.01001571 0.88531297 1 -0.05660752 -0.03687840 0.88531297 1
1 -0.13468394 -0.01427182 0.89425159 1 -0.05794973 -0.03773500 0.89425159 1
1 -0.12992357 -0.01488943 0.89543104 1 -0.05654002 -0.03930144 0.89543104 1
1 -0.12661622 -0.01529953 0.89304924 1 -0.05460708 -0.03875370 0.89304924 1
1 -0.12645949 -0.01441530 0.89084524 1 -0.05530598 -0.03849903 0.89084524 1
1 -0.12463207 -0.01216418 0.88844526 1 -0.05422389 -0.03666017 0.88844526 1
1 -0.12418960 -0.00928164 0.88093430 1 -0.05428185 -0.03497308 0.88093430 1
1 -0.12433908 -0.00592300 0.86098844 1 -0.05450194 -0.03297411 0.86098844 1
1 -0.11718638 0.00989148 0.85233712 1 -0.05111171 -0.02490428 0.85233712 1
1 -0.11096301 0.01620193 0.83481944 1 -0.04832016 -0.02123159 0.83481944 1
2 -0.08658303 0.00913767 0.80576128 2 -0.03654407 -0.02398304 0.80576128 1
2 -0.06117097 0.01275465 0.78941715 2 -0.02430396 -0.02167635 0.78941715 1
1 -0.06111699 0.05421514 0.77648914 1 -0.02348985 -0.00199028 0.77648914 1
2 -0.01420987 0.03258703 0.75134504 2 -0.00212895 -0.00983206 0.75134504 1
2 0.01640047 0.02102325 0.74108481 2 0.01616954 -0.01577858 0.74108481 1
2 0.04048283 0.01621702 0.72622097 2 0.02624040 -0.01712958 0.72622097 3
2 0.06272932 0.00824648 0.71321303 2 0.03893349 -0.02056432 0.71321303 3
2 0.08313975 -0.00144000 0.70322222 2 0.04878160 -0.02535321 0.70322222 3
2 0.10064102 -0.01307744 0.69312996 2 0.05896152 -0.03142465 0.69312996 3
2 0.11697029 -0.02633880 0.68616807 2 0.06664980 -0.03748868 0.68616807 3
1 0.13144797 -0.03718072 0.67702669 1 0.07504746 -0.04386962 0.67702669 3
2 0.14387842 -0.06211540 0.67896658 2 0.08093547 -0.05507969 0.67896658 3
2 0.15105905 -0.06605677 0.67118615 2 0.08550357 -0.05944923 0.67118615 3
2 0.15646115 -0.07149547 0.67177409 2 0.08791765 -0.06037072 0.67177409 3
2 0.15768324 -0.07394910 0.66790473 2 0.08919654 -0.06425447 0.66790473 3
2 0.15503836 -0.07232109 0.67136407 2 0.08785322 -0.06097285 0.67136407 3
2 0.14892662 -0.06836985 0.67375034 2 0.08509616 -0.06172603 0.67375034 3
2 0.13964443 -0.07048008 0.67769003 2 0.08059653 -0.05985462 0.67769003 3
2 0.12814650 -0.07185277 0.69128311 2 0.07487001 -0.06259976 0.69128311 3
2 0.10436270 -0.02792132 0.68212211 2 0.06348944 -0.03951237 0.68212211 3
2 0.08196159 -0.01850103 0.69469416 2 0.05188762 -0.03451146 0.69469416 3
2 0.05409906 -0.00752329 0.71054327 2 0.03846833 -0.02856649 0.71054327 3
2 0.02370207 -0.00071021 0.72551036 2 0.02269403 -0.02374937 0.72551036 3
2 -0.00648604 0.00002576 0.75145805 2 0.00776444 -0.02363942 0.75145805 3
2 -0.03252165 -0.00598153 0.77629685 2 -0.00613937 -0.02357342 0.77629685 3
2 -0.05818076 -0.01472074 0.79920942 2 -0.01917139 -0.02975802 0.79920942 1
1 -0.09678493 0.00408049 0.83472633 1 -0.03899685 -0.01744588 0.83472633 1
1 -0.10944272 -0.00557334 0.84939909 1 -0.04676374 -0.02405354 0.84939909 1
1 -0.11700737 -0.03136865 0.87105298 1 -0.05108012 -0.03330321 0.87105298 1
1 -0.12013613 -0.04070934 0.87033379 1 -0.05430178 -0.04131359 0.87033379 1
1 -0.11833884 -0.03744644 0.86893499 1 -0.05379698 -0.03646773 0.86893499 1
1 -0.11734619 -0.03569192 0.86497527 1 -0.05463741 -0.03938157 0.86497527 1
1 -0.11598360 -0.03368668 0.85935527 1 -0.05440483 -0.03408387 0.85935527 1
1 -0.11466102 -0.03121945 0.85185468 1 -0.05385434 -0.03808329 0.85185468 1
1 -0.08862595 -0.04987200 0.82932913 1 -0.04097095 -0.04559662 0.82932913 1
1 -0.08567463 -0.04128769 0.82313967 1 -0.03909484 -0.04320851 0.82313967 1
2 -0.07785977 -0.03147393 0.81300235 2 -0.03573438 -0.03638005 0.81300235 1
1 -0.06022345 -0.01318270 0.80371642 1 -0.02660310 -0.02921784 0.80371642 1
1 -0.05340679 0.02675448 0.78913176 1 -0.02346913 -0.00796492 0.78913176 1
2 -0.03833793 0.05201617 0.77399629 2 -0.01566561 0.00353940 0.77399629 1
2 0.01364957 0.01922703 0.75134945 2 0.00886904 -0.00963758 0.75134945 1
2 0.03950303 0.02127443 0.73568726 2 0.02339364 -0.01111216 0.73568726 3
2 0.06330765 0.01774322 0.71877635 2 0.03408584 -0.00933417 0.71877635 3
2 0.08592851 0.00954240 0.70222437 2 0.04796885 -0.01420319 0.70222437 3
2 0.10616468 -0.00257441 0.68637902 2 0.05643386 -0.01853808 0.68637902 3
2 0.12700404 -0.05248811 0.68579102 2 0.06889938 -0.04258134 0.68579102 3
2 0.14003685 -0.05783387 0.66896802 2 0.07579923 -0.04663489 0.66896802 3
2 0.15331054 -0.07342771 0.65747970 2 0.08369102 -0.05311391 0.65747970 3
2 0.16356502 -0.09604343 0.64996195 2 0.08959337 -0.06554541 0.64996195 3
2 0.16777632 -0.12603912 0.65456861 2 0.09299177 -0.07973514 0.65456861 3
2 0.17416674 -0.14571792 0.65244550 2 0.09686784 -0.09067655 0.65244550 3
2 0.17715266 -0.15822005 0.64815927 2 0.09921642 -0.09728859 0.64815927 0
2 0.18180509 -0.16816473 0.64787120 2 0.10234347 -0.10281735 0.64787120 0
2 0.18198755 -0.17196098 0.64856690 2 0.10287765 -0.10635185 0.64856690 0
2 0.18106897 -0.16839486 0.64727479 2 0.10326994 -0.10427285 0.64727479 0
2 0.17841668 -0.15967344 0.64653051 2 0.10190349 -0.10220222 0.64653051 0
2 0.17305881 -0.14789033 0.64813864 2 0.10013936 -0.09540142 0.64813864 0
2 0.16754489 -0.13529378 0.65366435 2 0.09699480 -0.09117822 0.65366435 0
2 0.15980101 -0.10304477 0.65079033 2 0.09406057 -0.07403145 0.65079033 0
2 0.14952649 -0.08470043 0.65643388 2 0.08843436 -0.06606732 0.65643388 3
2 0.13369884 -0.07815503 0.67396176 2 0.08133295 -0.06110108 0.67396176 3
2 0.11909781 -0.07329671 0.69142747 2 0.07353131 -0.05944854 0.69142747 3
2 0.08906070 -0.00074630 0.67732567 2 0.05944340 -0.02388091 0.67732567 3
2 0.06230956 0.01815758 0.69424081 2 0.04541583 -0.01217669 0.69424081 3
2 0.03153585 0.03668714 0.70900613 2 0.03055513 -0.00443387 0.70900613 3
2 0.00133620 0.04059593 0.73068905 2 0.01488092 0.00171120 0.73068905 3
2 -0.03156249 0.03920674 0.75390142 2 -0.00162830 -0.00184279 0.75390142 3
2 -0.08036737 0.05527377 0.78053433 2 -0.02585552 0.01078009 0.78053433 1
1 -0.10464302 0.03507106 0.80569810 1 -0.03963416 -0.00231541 0.80569810 1
2 -0.12907563 0.01509336 0.82539558 2 -0.05128371 -0.00695049 0.82539558 1
1 -0.13983490 -0.00358142 0.83440083 1 -0.05937197 -0.02102365 0.83440083 1
2 -0.12838796 -0.06866422 0.82438296 2 -0.05318522 -0.04620811 0.82438296 1
2 -0.12974915 -0.08081540 0.82220358 2 -0.05636775 -0.06038838 0.82220358 1
1 -0.12786046 -0.08485284 0.82246065 1 -0.05456030 -0.05455082 0.82246065 1
1 -0.15608254 -0.13844116 0.76979053 1 -0.07005062 -0.08861087 0.76979053 1
1 -0.16459726 -0.12055857 0.76968861 1 -0.07323828 -0.07455618 0.76968861 1
1 -0.16525331 -0.12269598 0.76696771 1 -0.07511436 -0.08203899 0.76696771 1
1 -0.13084398 -0.01179226 0.83571064 1 -0.05889986 -0.02803963 0.83571064 1
1 -0.10870428 -0.00655584 0.81343663 1 -0.04618564 -0.02082682 0.81343663 1
2 -0.10497545 0.02253601 0.78594494 2 -0.04570170 -0.01168635 0.78594494 1
1 -0.06900853 0.00904503 0.76441932 1 -0.02720851 -0.01242504 0.76441932 1
1 -0.06420289 0.03844734 0.74028796 1 -0.02480745 -0.00426140 0.74028796 1
2 -0.02449100 0.01887601 0.71964455 2 -0.00599272 -0.00628952 0.71964455 1
2 0.00275749 0.01815548 0.69921601 2 0.00898882 -0.01359794 0.69921601 3
2 0.03103839 0.01170005 0.68435752 2 0.02225265 -0.01022187 0.68435752 3
2 0.05740973 0.00368922 0.66859895 2 0.03760138 -0.02054075 0.66859895 3
2 0.08370916 -0.00919856 0.65710235 2 0.04893056 -0.02003598 0.65710235 3
2 0.11088917 -0.05506803 0.66587400 2 0.06521656 -0.04809820 0.66587400 3
2 0.12682475 -0.06124307 0.65372282 2 0.07301839 -0.04874710 0.65372282 3
2 0.14107509 -0.08176267 0.64780617 2 0.08130906 -0.06072900 0.64780617 3
2 0.15333840 -0.10613117 0.64152557 2 0.08760577 -0.07224692 0.64152557 3
2 0.16081767 -0.13255470 0.64455938 2 0.09226618 -0.08576111 0.64455938 3
2 0.16518682 -0.15966454 0.64922512 2 0.09492601 -0.10033187 0.64922512 3
2 0.16880807 -0.17699450 0.65122116 2 0.09716091 -0.10861851 0.65122116 0
2 0.17161015 -0.18807927 0.65162897 2 0.09914231 -0.11664633 0.65162897 0
2 0.17130649 -0.19083774 0.65204072 2 0.09902327 -0.11654297 0.65204072 0
2 0.16811632 -0.18659496 0.65148383 2 0.09803426 -0.11805484 0.65148383 0
2 0.16462369 -0.18059833 0.65020192 2 0.09606572 -0.11246458 0.65020192 0
2 0.15833282 -0.16635197 0.65157104 2 0.09359198 -0.10927638 0.65157104 0
2 0.15100272 -0.15269409 0.65381235 2 0.08967084 -0.09934632 0.65381235 0
2 0.13919048 -0.13291727 0.66136998 2 0.08421376 -0.09302147 0.66136998 0
2 0.12182976 -0.09883761 0.65935314 2 0.07552553 -0.07324839 0.65935314 0
2 0.10694557 -0.08160140 0.67274702 2 0.06808557 -0.06681007 0.67274702 0
2 0.08282273 -0.04828753 0.68020260 2 0.05638395 -0.04816834 0.68020260 3
2 0.06032231 -0.02815700 0.69608927 2 0.04455313 -0.03882030 0.69608927 3
2 0.03396390 -0.00381328 0.70855922 2 0.03189049 -0.02554345 0.70855922 3
2 0.00846269 0.01001365 0.72783875 2 0.01804635 -0.01773265 0.72783875 3
2 -0.01818027 0.01909696 0.75111920 2 0.00534899 -0.01307820 0.75111920 1
2 -0.05693390 0.04542615 0.77204663 2 -0.01518335 0.00203099 0.77204663 1
1 -0.08325520 0.04034407 0.79754460 1 -0.02829967 -0.00164477 0.79754460 1
1 -0.10479741 0.03410446 0.82003522 1 -0.04051794 -0.00212833 0.82003522 1
1 -0.12118632 0.02186075 0.83697182 1 -0.04873272 -0.00949743 0.83697182 1
2 -0.13296571 -0.01233976 0.85413927 2 -0.05620284 -0.02401818 0.85413927 1
1 -0.14021705 -0.03034832 0.86347479 1 -0.05997597 -0.03496275 0.86347479 1
1 -0.14340565 -0.04123257 0.86945760 1 -0.06289431 -0.03903290 0.86945760 1
1 -0.14967100 -0.04368705 0.87216502 1 -0.06624636 -0.04152025 0.87216502 1
1 -0.14762862 -0.04413198 0.86765289 1 -0.06587736 -0.04170487 0.86765289 1
1 -0.14437872 -0.04087863 0.86561728 1 -0.06420556 -0.04112489 0.86561728 1
1 -0.14115471 -0.03543770 0.85825676 1 -0.06288417 -0.03857719 0.85825676 1
1 -0.13340910 -0.02650760 0.84461480 1 -0.05915214 -0.03407503 0.84461480 1
1 -0.12228097 -0.01898362 0.82946914 1 -0.05353935 -0.03117700 0.82946914 1
2 -0.10035834 -0.01522908 0.81083161 2 -0.04325476 -0.02813465 0.81083161 1
1 -0.10160702 0.01222336 0.79452765 1 -0.04284482 -0.01683579 0.79452765 1
1 -0.08867430 0.02064097 0.77254295 1 -0.03766782 -0.00980314 0.77254295 1
1 -0.05921946 0.02895833 0.74430627 1 -0.02218740 -0.00869329 0.74430627 1
2 -0.01608123 0.00196068 0.73145032 2 -0.00229532 -0.01766353 0.73145032 1
2 0.00810048 0.00436381 0.71246868 2 0.01184817 -0.02064649 0.71246868 1
2 0.03352064 -0.00306009 0.69388264 2 0.02284868 -0.01975480 0.69388264 3
2 0.05929773 -0.01520025 0.67382997 2 0.03853989 -0.03035052 0.67382997 3
2 0.08335809 -0.03288088 0.65990943 2 0.04897450 -0.03436074 0.65990943 3
2 0.10612885 -0.06722906 0.65432930 2 0.06231788 -0.05408363 0.65432930 3
2 0.12303346 -0.08694714 0.64029503 2 0.07113638 -0.06274263 0.64029503 3
2 0.13787806 -0.11004153 0.63449949 2 0.07967136 -0.07568686 0.63449949 3
2 0.14850348 -0.13872966 0.63232428 2 0.08532649 -0.08930602 0.63232428 0
2 0.15780194 -0.16090497 0.63126248 2 0.09079859 -0.10148419 0.63126248 0
2 0.16637759 -0.17944174 0.62967032 2 0.09545460 -0.11110240 0.62967032 0
2 0.16868864 -0.19101250 0.63074523 2 0.09729507 -0.11755656 0.63074523 0
2 0.16965429 -0.19683674 0.62842429 2 0.09816906 -0.12176479 0.62842429 0
2 0.16910446 -0.19523886 0.62653071 2 0.09832885 -0.12109326 0.62653071 0
2 0.16709618 -0.18912466 0.62630981 2 0.09768051 -0.12035828 0.62630981 0
2 0.16306993 -0.17930046 0.62583864 2 0.09580880 -0.11436673 0.62583864 0
2 0.15549654 -0.16328567 0.62425619 2 0.09240259 -0.10910042 0.62425619 0
2 0.14734207 -0.14282762 0.63089508 2 0.08821972 -0.09753294 0.63089508 0
2 0.13242938 -0.11198121 0.63356680 2 0.08117010 -0.08485683 0.63356680 0
2 0.11671301 -0.08986386 0.64355624 2 0.07304174 -0.07204034 0.64355624 0
2 0.10114428 -0.07177252 0.65888059 2 0.06544887 -0.06537607 0.65888059 3
2 0.07756799 -0.03586680 0.66715479 2 0.05357658 -0.04644606 0.66715479 3
2 0.05399153 -0.01902617 0.68345124 2 0.04143724 -0.03761016 0.68345124 3
2 0.02608666 0.00058576 0.70056766 2 0.02764469 -0.02873718 0.70056766 3
2 -0.00119193 0.00712505 0.72121179 2 0.01336814 -0.02399986 0.72121179 3
2 -0.02963546 0.00931052 0.74895835 2 -0.00069876 -0.02432329 0.74895835 3
2 -0.05412496 0.00246028 0.77103513 2 -0.01368995 -0.02586080 0.77103513 1
1 -0.08796269 0.00361880 0.80104917 1 -0.03001062 -0.02746773 0.80104917 1
1 -0.11946310 0.01681736 0.83352053 1 -0.04656802 -0.01927330 0.83352053 1
1 -0.13120770 0.00085569 0.85234004 1 -0.05301563 -0.02746158 0.85234004 1
1 -0.14470704 -0.03484886 0.86507905 1 -0.05935495 -0.04443228 0.86507905 1
1 -0.10603497 -0.08192669 0.84155595 1 -0.04223203 -0.06824590 0.84155595 1
1 -0.11023595 -0.08957351 0.84459841 1 -0.04192749 -0.07246567 0.84459841 1
1 -0.11278190 -0.09304982 0.84281099 1 -0.04544108 -0.07371654 0.84281099 1
1 -0.11402447 -0.09372804 0.84248036 1 -0.04368348 -0.07519037 0.84248036 1
1 -0.11466980 -0.09212063 0.83828998 1 -0.04629816 -0.07338964 0.83828998 1
1 -0.10448913 -0.08473211 0.84837890 1 -0.03920341 -0.07160774 0.84837890 1
1 -0.10109267 -0.07737596 0.84087741 1 -0.03868256 -0.06695692 0.84087741 1
1 -0.09878512 -0.06850275 0.83177167 1 -0.03647796 -0.06398584 0.83177167 1
1 -0.11947082 -0.02849537 0.81687582 1 -0.04703224 -0.04343347 0.81687582 1
1 -0.08500113 -0.04042318 0.80331582 1 -0.03048148 -0.04918263 0.80331582 1
1 -0.10177927 0.00638447 0.78440273 1 -0.03761830 -0.02624822 0.78440273 1
2 -0.06115784 -0.01533363 0.77131134 2 -0.01972969 -0.03546852 0.77131134 1
2 -0.04139520 -0.00660766 0.75032282 2 -0.00664741 -0.03445728 0.75032282 1
2 -0.01967287 -0.00124996 0.73132521 2 0.00081843 -0.02882848 0.73132521 1
2 0.00146012 0.00174526 0.71588916 2 0.01423495 -0.03057620 0.71588916 1
2 0.02538267 -0.00301576 0.69237000 2 0.02304181 -0.03000985 0.69237000 3
2 0.04800877 -0.01124946 0.67559975 2 0.03669604 -0.03725062 0.67559975 3
2 0.07085049 -0.02637994 0.65877056 2 0.04556076 -0.04286156 0.65877056 3
2 0.09452996 -0.06940672 0.65775973 2 0.05885724 -0.06497104 0.65775973 3
2 0.10831348 -0.07971151 0.64062709 2 0.06426152 -0.06970177 0.64062709 3
2 0.12216926 -0.10266507 0.63085544 2 0.07187319 -0.08178642 0.63085544 3
2 0.13111131 -0.13068210 0.63112777 2 0.07551622 -0.09509206 0.63112777 0
2 0.13912785 -0.15530650 0.62958235 2 0.07971037 -0.10824873 0.62958235 0
2 0.14646076 -0.17921503 0.63282156 2 0.08305608 -0.11877695 0.63282156 3
2 0.15078868 -0.19880140 0.63222164 2 0.08507326 -0.13018177 0.63222164 3
2 0.15509303 -0.21460061 0.63704032 2 0.08719753 -0.13600603 0.63704032 3
2 0.15795854 -0.22459622 0.63725692 2 0.08817782 -0.14330256 0.63725692 3
2 0.15909404 -0.22544523 0.63455218 2 0.08900433 -0.14128642 0.63455218 0
2 0.15816742 -0.22207905 0.63611317 2 0.08793500 -0.14252743 0.63611317 0
2 0.15677930 -0.21216229 0.63326490 2 0.08761316 -0.13497491 0.63326490 0
2 0.15353385 -0.20187767 0.63375139 2 0.08542558 -0.13242634 0.63375139 0
2 0.14800186 -0.18329707 0.63111949 2 0.08295614 -0.12132422 0.63111949 0
2 0.13734058 -0.16454391 0.63775116 2 0.07725982 -0.11481728 0.63775116 0
2 0.12533656 -0.14146100 0.64579493 2 0.07144036 -0.10184629 0.64579493 0
2 0.10494532 -0.10254475 0.64894611 2 0.06095894 -0.08300031 0.64894611 0
2 0.08448357 -0.07992699 0.66254574 2 0.05077941 -0.07237743 0.66254574 3
1 0.05615152 -0.02336502 0.66799545 1 0.03682581 -0.04490516 0.66799545 3
1 0.02606504 -0.00885963 0.68975204 1 0.02159695 -0.03817986 0.68975204 0
2 0.00252654 -0.01260804 0.71956134 2 0.01006353 -0.03923051 0.71956134 0
2 -0.02273257 -0.00641716 0.74741632 2 -0.00340351 -0.03771936 0.74741632 1
2 -0.05214803 -0.00096438 0.77738488 2 -0.01655861 -0.03398617 0.77738488 1
1 -0.09625302 0.02638409 0.81706995 1 -0.03920178 -0.02381871 0.81706995 1
1 -0.11426014 0.03831588 0.87007838 1 -0.04710969 -0.01446776 0.87007838 1
1 -0.11196154 0.04098017 0.89261836 1 -0.04655312 -0.01903815 0.89261836 1
1 -0.13261935 -0.01084005 0.90448582 1 -0.05561420 -0.03627224 0.90448582 1
1 -0.13070126 -0.01835106 0.91187781 1 -0.05584951 -0.04862480 0.91187781 1
1 -0.09815019 -0.07838255 0.88224566 1 -0.04044079 -0.06887516 0.88224566 1
1 -0.09923492 -0.08292136 0.88012773 1 -0.03973487 -0.08004363 0.88012773 1
1 -0.13487005 -0.02359056 0.90712005 1 -0.05735866 -0.04295198 0.90712005 1
1 -0.13551471 -0.02275868 0.89849323 1 -0.05637363 -0.04577056 0.89849323 1
1 -0.10065867 -0.07175073 0.84380889 1 -0.04085547 -0.06548623 0.84380889 1
1 -0.13301885 -0.02641552 0.85101426 1 -0.05378607 -0.04848375 0.85101426 1
1 -0.12388396 -0.02066930 0.83081216 1 -0.05195837 -0.04114733 0.83081216 1
1 -0.09537672 -0.02956605 0.80123580 1 -0.03607148 -0.04879641 0.80123580 1
1 -0.06650441 -0.03594735 0.77851373 1 -0.02320042 -0.05008325 0.77851373 1
2 -0.06364666 -0.01742720 0.75674862 2 -0.01977381 -0.04337210 0.75674862 1
2 -0.04552615 -0.01287564 0.73463255 2 -0.01287784 -0.03957575 0.73463255 1
2 -0.02367223 -0.01125632 0.71160376 2 -0.00031571 -0.04036059 0.71160376 1
2 -0.00004076 -0.01687791 0.69197792 2 0.00942141 -0.04233992 0.69197792 1
2 0.02462124 -0.02491748 0.67035210 2 0.02311628 -0.04802531 0.67035210 3
2 0.04978989 -0.03824363 0.65186185 2 0.03354213 -0.05295760 0.65186185 3
2 0.07530881 -0.06223028 0.63961953 2 0.04731087 -0.06601240 0.63961953 3
1 0.09565391 -0.07441165 0.62164426 1 0.05592407 -0.07162919 0.62164426 3
1 0.11283511 -0.09798984 0.61480767 1 0.06509013 -0.08340982 0.61480767 0
1 0.12393262 -0.12682778 0.61121553 1 0.06971475 -0.09779009 0.61121553 0
2 0.13569328 -0.16909245 0.62016940 2 0.07570760 -0.11770012 0.62016940 3
2 0.14207146 -0.19282585 0.62628245 2 0.07863982 -0.13049483 0.62628245 3
2 0.14756668 -0.21186736 0.62811917 2 0.08102293 -0.13852124 0.62811917 0
2 0.15002108 -0.22403459 0.62641102 2 0.08243889 -0.14577644 0.62641102 0
2 0.15123849 -0.22911426 0.62693340 2 0.08241247 -0.14713129 0.62693340 0
2 0.14985444 -0.22712544 0.62582743 2 0.08222350 -0.14721820 0.62582743 0
2 0.14834827 -0.21910237 0.62407434 2 0.08062784 -0.14257558 0.62407434 3
2 0.14458433 -0.20728232 0.62272739 2 0.07937138 -0.13737427 0.62272739 3
2 0.13873558 -0.19177160 0.62446690 2 0.07548407 -0.12913339 0.62446690 0
2 0.12869604 -0.16727388 0.62737930 2 0.07139286 -0.11807898 0.62737930 0
2 0.11552978 -0.14409281 0.63208312 2 0.06375768 -0.10590747 0.63208312 0
2 0.09452040 -0.11130210 0.63814867 2 0.05443348 -0.09096718 0.63814867 0
2 0.07977505 -0.09350905 0.65780354 2 0.04589395 -0.08133357 0.65780354 3
2 0.05273304 -0.05271662 0.66496724 2 0.03381107 -0.06294855 0.66496724 3
2 0.02795346 -0.03400078 0.68544871 2 0.02042750 -0.05263364 0.68544871 3
2 0.00214255 -0.01833197 0.71059644 2 0.00830005 -0.04558725 0.71059644 3
2 -0.02575789 -0.00411241 0.73610777 2 -0.00574193 -0.03901307 0.73610777 1
2 -0.04515538 -0.00772162 0.76537520 2 -0.01513337 -0.04053478 0.76537520 1
1 -0.06068093 -0.01700079 0.79202503 1 -0.02261542 -0.04599658 0.79202503 1
1 -0.08554780 -0.02239012 0.82191980 1 -0.03457204 -0.04901437 0.82191980 1
1 -0.08283536 -0.05321691 0.83693975 1 -0.03353630 -0.06378535 0.83693975 1
1 -0.08507883 -0.07073799 0.84782207 1 -0.03399096 -0.07320037 0.84782207 1
1 -0.09260657 -0.07819168 0.85505980 1 -0.03788061 -0.07626691 0.85505980 1
1 -0.09252352 -0.08182160 0.85768723 1 -0.03722364 -0.07902778 0.85768723 1
1 -0.09406454 -0.08184227 0.85761124 1 -0.03804134 -0.07813978 0.85761124 1
1 -0.09261480 -0.08038997 0.85422456 1 -0.03677932 -0.07867362 0.85422456 1
1 -0.09363979 -0.07801262 0.85078061 1 -0.03724532 -0.07619152 0.85078061 1
1 -0.09453911 -0.07426858 0.84545040 1 -0.03695855 -0.07608087 0.84545040 1
1 -0.09424857 -0.06854111 0.84018016 1 -0.03677437 -0.07177189 0.84018016 1
1 -0.09043664 -0.06513662 0.82463610 1 -0.03488244 -0.07134350 0.82463610 1
1 -0.08389390 -0.05600886 0.81567222 1 -0.03146402 -0.06598401 0.81567222 1
1 -0.07056393 -0.04810514 0.79874295 1 -0.02423664 -0.06354550 0.79874295 1
2 -0.06108061 -0.03465234 0.77913487 2 -0.01926576 -0.05706365 0.77913487 1
2 -0.04229824 -0.02642236 0.75650799 2 -0.01011542 -0.05326198 0.75650799 1
2 -0.02334044 -0.02249736 0.73642820 2 -0.00075785 -0.05150576 0.73642820 1
2 -0.00083874 -0.02516766 0.71819395 2 0.01043394 -0.05314084 0.71819395 1
2 0.02111631 -0.03063274 0.70221186 2 0.02092100 -0.05599470 0.70221186 3
2 0.03863003 -0.03833149 0.68776119 2 0.02996830 -0.06055478 0.68776119 3
2 0.05453978 -0.04840623 0.67759311 2 0.03704517 -0.06496694 0.67759311 3
2 0.06738999 -0.05932307 0.67093796 2 0.04393012 -0.07108896 0.67093796 3
2 0.07605097 -0.06863963 0.66846156 2 0.04729712 -0.07536384 0.66846156 3
2 0.08189718 -0.07911818 0.66717988 2 0.05069803 -0.08070864 0.66717988 3
2 0.08845280 -0.10257292 0.67395020 2 0.05303780 -0.09165175 0.67395020 3
2 0.08769885 -0.08887262 0.66989011 2 0.05297571 -0.08564384 0.66989011 3
2 0.09063046 -0.08284476 0.66790920 2 0.05357962 -0.08151074 0.66790920 2
-999
