2 0.23880282 0.12662657 0.75592589 2 0.23880282 0.12662657 0.75592589 3
2 0.19635770 0.12716781 0.77419102 2 0.19635770 0.12716781 0.77419102 3
2 0.15472248 0.11981220 0.78795278 2 0.15472248 0.11981220 0.78795278 3
2 0.11398405 0.10847582 0.80622107 2 0.11398405 0.10847582 0.80622107 3
2 0.08182213 0.08980368 0.82649946 2 0.08182213 0.08980368 0.82649946 3
2 0.05786343 0.07013430 0.84344822 2 0.05786343 0.07013430 0.84344822 3
2 0.03979278 0.05285493 0.86008388 2 0.03979278 0.05285493 0.86008388 3
2 0.03264135 0.04374971 0.86580503 2 0.03264135 0.04374971 0.86580503 3
2 0.03056325 0.04329786 0.86957604 2 0.03056325 0.04329786 0.86957604 3
2 0.03142930 0.05214093 0.86519486 2 0.03142930 0.05214093 0.86519486 3
2 0.03877807 0.06697611 0.85820270 2 0.03877807 0.06697611 0.85820270 3
2 0.05398135 0.08227269 0.84945023 2 0.05398135 0.08227269 0.84945023 3
2 0.07398026 0.09993697 0.83459383 2 0.07398026 0.09993697 0.83459383 3
2 0.10071316 0.11182998 0.81794822 2 0.10071316 0.11182998 0.81794822 3
2 0.12872346 0.12464134 0.79918855 2 0.12872346 0.12464134 0.79918855 3
2 0.16391662 0.12857541 0.77777469 2 0.16391662 0.12857541 0.77777469 3
2 0.19890814 0.12842603 0.75545257 2 0.19890814 0.12842603 0.75545257 3
2 0.23427539 0.12284958 0.73856139 2 0.23427539 0.12284958 0.73856139 3
2 0.26629090 0.11053339 0.71620166 2 0.26629090 0.11053339 0.71620166 3
2 0.30390951 0.09711112 0.70160365 2 0.30390951 0.09711112 0.70160365 0
2 0.32431972 0.08054713 0.68764627 2 0.32431972 0.08054713 0.68764627 0
2 0.33387604 0.05592113 0.69483709 2 0.33387604 0.05592113 0.69483709 0
2 0.34105426 0.04554939 0.69237572 2 0.34105426 0.04554939 0.69237572 0
2 0.34627286 0.03444034 0.69296855 2 0.34627286 0.03444034 0.69296855 0
2 0.34687611 0.02010004 0.70202106 2 0.34687611 0.02010004 0.70202106 0
2 0.34298420 0.02123378 0.70172149 2 0.34298420 0.02123378 0.70172149 0
2 0.33629188 0.03482912 0.69297707 2 0.33629188 0.03482912 0.69297707 0
2 0.32798156 0.04784660 0.68991375 2 0.32798156 0.04784660 0.68991375 0
2 0.31083834 0.06793012 0.68574476 2 0.31083834 0.06793012 0.68574476 0
2 0.28015262 0.08704548 0.69481575 2 0.28015262 0.08704548 0.69481575 3
2 0.24653690 0.09995550 0.70939648 2 0.24653690 0.09995550 0.70939648 3
2 0.20953865 0.11018134 0.72660065 2 0.20953865 0.11018134 0.72660065 3
2 0.16809274 0.11518205 0.74793965 2 0.16809274 0.11518205 0.74793965 3
2 0.12853396 0.11203527 0.77235240 2 0.12853396 0.11203527 0.77235240 3
2 0.09134320 0.09880842 0.79886883 2 0.09134320 0.09880842 0.79886883 3
2 0.06052605 0.07795388 0.82794821 2 0.06052605 0.07795388 0.82794821 3
2 0.04414619 0.05043165 0.85705751 2 0.04414619 0.05043165 0.85705751 3
2 0.00439013 0.03654971 0.88369638 2 0.00439013 0.03654971 0.88369638 3
2 0.00447440 0.01458473 0.89892375 2 0.00447440 0.01458473 0.89892375 3
2 -0.00985624 0.00840547 0.90608919 2 -0.00985624 0.00840547 0.90608919 3
2 -0.00786771 0.01270542 0.90307975 2 -0.00786771 0.01270542 0.90307975 3
2 -0.00259109 0.02783592 0.89030319 2 -0.00259109 0.02783592 0.89030319 3
2 0.03723516 0.03227274 0.86355597 2 0.03723516 0.03227274 0.86355597 3
2 0.04940256 0.05399224 0.83985662 2 0.04940256 0.05399224 0.83985662 3
2 0.07017896 0.07221768 0.80501562 2 0.07017896 0.07221768 0.80501562 3
2 0.09998159 0.08724667 0.77647120 2 0.09998159 0.08724667 0.77647120 3
2 0.13143061 0.09561142 0.74131995 2 0.13143061 0.09561142 0.74131995 3
2 0.17079574 0.09708394 0.71358925 2 0.17079574 0.09708394 0.71358925 3
2 0.20907027 0.08998543 0.68638670 2 0.20907027 0.08998543 0.68638670 3
2 0.24610716 0.07728831 0.66639793 2 0.24610716 0.07728831 0.66639793 3
2 0.28469908 0.06242506 0.64871573 2 0.22822350 0.06786329 0.64871573 3
2 0.30599931 0.04570907 0.64104158 2 0.23967214 0.06524442 0.64104158 0
2 0.31500959 0.03010465 0.63836849 2 0.24680787 0.06256531 0.63836849 0
2 0.32324630 0.00484046 0.65771389 2 0.25077352 0.05784665 0.65771389 0
2 0.32798961 0.00042473 0.66068965 2 0.25317422 0.05561914 0.66068965 0
2 0.32724324 0.00074006 0.66095024 2 0.25501367 0.05652761 0.66095024 0
2 0.32145977 0.00681984 0.66035694 2 0.25625995 0.05991381 0.66035694 0
2 0.31119570 0.03762261 0.64065218 2 0.25609210 0.06849273 0.64065218 3
2 0.29123431 0.05074162 0.64083445 2 0.25337189 0.07754050 0.64083445 3
2 0.26054263 0.06470252 0.66550231 2 0.24706572 0.08581350 0.66550231 3
2 0.23073176 0.06796099 0.68648314 2 0.23898558 0.09063216 0.68648314 3
2 0.18603106 0.09148506 0.70229000 2 0.22838354 0.09586973 0.70229000 3
2 0.14349991 0.09634573 0.72724682 2 0.21646325 0.09922335 0.72724682 3
2 0.10175177 0.09243911 0.75598466 2 0.20446283 0.10041209 0.75598466 3
2 0.06808903 0.07725403 0.79412782 2 0.19413015 0.09855679 0.79412782 3
2 0.03791952 0.05892703 0.82290912 2 0.18548149 0.09386216 0.82290912 3
1 0.01839742 0.04047832 0.84956557 1 0.17917728 0.08713437 0.84956557 3
2 -0.01330084 0.02712951 0.87579364 2 0.17194365 0.08042192 0.87579364 3
2 -0.01122394 0.01194562 0.88388145 2 0.16895860 0.07436934 0.88388145 3
2 0.00246703 0.00793532 0.87978703 2 0.17092903 0.07042044 0.87978703 0
2 0.00565984 0.01946039 0.85982287 2 0.17424269 0.07073817 0.85982287 0
2 0.02311189 0.03458284 0.83240020 2 0.17924641 0.07410639 0.83240020 3
2 0.04311262 0.05213411 0.79903293 2 0.18524596 0.07959211 0.79903293 3
2 0.07173685 0.06617291 0.76418930 2 0.19264433 0.08481804 0.76418930 3
2 0.10663255 0.07607785 0.72916466 2 0.20216465 0.08868359 0.72916466 3
2 0.14508586 0.07933016 0.69728971 2 0.21384597 0.09041394 0.69728971 3
2 0.19437601 0.05851229 0.68099272 2 0.22862405 0.08704919 0.68099272 3
2 0.23227641 0.06270702 0.64963812 2 0.24336509 0.08454925 0.64963812 3
2 0.27336910 0.05096665 0.63419986 2 0.25755432 0.08136135 0.63419986 3
2 0.30021226 0.03791866 0.62822241 2 0.26878440 0.07781405 0.62822241 0
2 0.31484932 0.02289713 0.63170844 2 0.27552998 0.07345909 0.63170844 0
2 0.32462102 -0.00010769 0.65228498 2 0.27915147 0.06712665 0.65228498 0
2 0.33116806 -0.00517526 0.66082436 2 0.28095502 0.06162570 0.66082436 0
2 0.33232993 -0.00372076 0.65804207 2 0.28191534 0.05874600 0.65804207 0
2 0.32825252 0.00282295 0.65707392 2 0.28210276 0.05930415 0.65707392 0
2 0.31817183 0.02639585 0.64485222 2 0.28075930 0.06463029 0.64485222 0
2 0.30027783 0.04239928 0.63977373 2 0.27669850 0.07171160 0.63977373 0
2 0.26906362 0.05409294 0.65701616 2 0.26867411 0.07751089 0.65701616 3
2 0.23561530 0.05506781 0.68197358 2 0.25750554 0.07851589 0.68197358 3
2 0.19697259 0.06644617 0.69970775 2 0.24450861 0.07724986 0.69970775 3
2 0.14472567 0.08001957 0.72719741 2 0.22903489 0.07801322 0.72719741 3
2 0.10076423 0.07326317 0.76826966 2 0.21294498 0.07725122 0.76826966 3
2 0.06123486 0.05622132 0.80935591 2 0.19769780 0.07401669 0.80935591 3
2 0.02432316 0.03868335 0.85325801 2 0.18355802 0.06922625 0.85325801 3
2 0.00542062 0.01126495 0.89546019 2 0.17287555 0.06245023 0.89546019 3
2 -0.00002922 -0.00969636 0.91695720 2 0.16715866 0.05628661 0.91695720 3
2 -0.00876520 -0.00940847 0.93491423 2 0.16370082 0.05206779 0.93491423 3
2 -0.00483068 -0.01803470 0.92031795 2 0.16265392 0.04998448 0.92031795 0
2 -0.00063143 -0.00993985 0.89609528 2 0.16232011 0.05132496 0.89609528 0
2 0.00882216 0.00529080 0.86426073 2 0.16315460 0.05650516 0.86426073 3
2 0.02883103 0.02046970 0.82971400 2 0.16600184 0.06222050 0.82971400 3
2 0.04868880 0.03686777 0.79566252 2 0.17022072 0.06777611 0.79566252 3
2 0.07594627 0.04948007 0.75960213 2 0.17678779 0.07214032 0.75960213 3
2 0.10883228 0.05717199 0.72578925 2 0.18587013 0.07506040 0.72578925 3
2 0.14221165 0.06092814 0.69513327 2 0.19614100 0.07695402 0.69513327 3
2 0.19244047 0.04126232 0.68649304 2 0.20937897 0.07472986 0.68649304 3
2 0.22459410 0.04012703 0.66066229 2 0.22186880 0.07185782 0.66066229 3
2 0.26147711 0.03622955 0.63167393 2 0.23402479 0.06900806 0.63167393 3
2 0.29207149 0.02203278 0.62221497 2 0.24495667 0.06525932 0.62221497 3
2 0.30673498 0.00487868 0.62114590 2 0.25267950 0.06018293 0.62114590 0
2 0.31594646 -0.00865591 0.62451386 2 0.25721702 0.05461337 0.62451386 0
2 0.31826487 -0.01565536 0.62569219 2 0.25896409 0.05013529 0.62569219 0
2 0.31859252 -0.01587898 0.62683332 2 0.25898069 0.04753114 0.62683332 0
2 0.31222650 -0.01124819 0.62481052 2 0.25771824 0.04724298 0.62481052 0
2 0.29936731 -0.00151466 0.61944282 2 0.25475064 0.04942906 0.61944282 0
2 0.27697679 0.01274914 0.62460613 2 0.24938416 0.05322767 0.62460613 2
-999
