2 0.17577983 -0.09346119 0.62626898 2 0.15181395 -0.15570460 0.62626898 3
2 0.15177159 -0.08482429 0.64539099 2 0.13547865 -0.14393914 0.64539099 3
2 0.11551689 -0.05921879 0.65572029 2 0.11259302 -0.13011749 0.65572029 3
2 0.07281607 -0.02687176 0.66664946 2 0.08540454 -0.10927964 0.66664946 3
2 0.03250513 -0.01777025 0.68845052 2 0.06180110 -0.09608814 0.68845052 3
2 -0.01081396 -0.01144444 0.71636742 2 0.03277976 -0.08803970 0.71636742 3
2 -0.04856885 -0.01267211 0.74578977 2 0.00919938 -0.08951207 0.74578977 3
2 -0.08055835 -0.02139877 0.77990818 2 -0.01153023 -0.09436867 0.77990818 3
2 -0.10205306 -0.03774804 0.81436712 2 -0.02543299 -0.10252270 0.81436712 3
2 -0.13473210 -0.04428248 0.84724027 2 -0.04192475 -0.10709288 0.84724027 3
1 -0.14501438 -0.06056848 0.87208390 1 -0.04790317 -0.11769871 0.87208390 3
2 -0.12037315 -0.08892700 0.88079369 2 -0.03256371 -0.13755809 0.88079369 3
2 -0.11864249 -0.09289706 0.88527954 2 -0.01790602 -0.14822911 0.88527954 3
2 -0.11865144 -0.09339285 0.88415450 2 -0.01155649 -0.14848512 0.88415450 3
2 -0.13175571 -0.08513532 0.88895965 2 -0.01467002 -0.14524792 0.88895965 3
2 -0.12565707 -0.08529904 0.88232076 2 -0.01039364 -0.15072700 0.88232076 3
2 -0.11424611 -0.08627161 0.86680979 2 0.00004757 -0.15493862 0.86680979 3
2 -0.10662435 -0.08378820 0.85643351 2 0.01128685 -0.15609594 0.85643351 3
2 -0.10185961 -0.07848454 0.84433067 2 0.01735969 -0.15135929 0.84433067 3
1 -0.12583895 -0.04196585 0.83176273 1 0.00749498 -0.13380879 0.83176273 0
2 -0.06917354 -0.06015627 0.80011177 2 0.02784468 -0.13460261 0.80011177 0
2 -0.06289102 -0.04675311 0.78081191 2 0.04994808 -0.13618773 0.78081191 3
1 -0.03548103 -0.03855940 0.75458604 1 0.06892714 -0.13100678 0.75458604 3
2 -0.01277046 -0.02225293 0.72779620 2 0.08053108 -0.11576423 0.72779620 3
1 0.01803289 -0.01424573 0.70234501 1 0.09515721 -0.10455517 0.70234501 3
1 0.04976616 -0.01181145 0.67661262 1 0.11927527 -0.10411090 0.67661262 0
2 0.08246552 -0.02018259 0.65648949 2 0.13914494 -0.10696696 0.65648949 0
2 0.11399097 -0.04476804 0.64244294 2 0.15193492 -0.10955486 0.64244294 3
2 0.13616818 -0.05676980 0.62934232 2 0.16142812 -0.11924113 0.62934232 3
2 0.15798911 -0.07104022 0.62123257 2 0.16578519 -0.12588860 0.62123257 3
2 0.17744736 -0.09283072 0.61362040 2 0.17004116 -0.13683096 0.61362040 3
2 0.19801773 -0.10530996 0.61486328 2 0.17981452 -0.15107086 0.61486328 3
2 0.21053536 -0.12059524 0.61316031 2 0.18529594 -0.16436167 0.61316031 3
2 0.21916904 -0.13264871 0.61770433 2 0.18534338 -0.17499448 0.61770433 3
2 0.22138326 -0.14002442 0.61715490 2 0.17846933 -0.18139589 0.61715490 3
2 0.22046813 -0.14379737 0.61622822 2 0.17477514 -0.18713805 0.61622822 0
2 0.21507812 -0.14319403 0.61830974 2 0.18910581 -0.20007108 0.61830974 0
2 0.20695432 -0.14187184 0.61634630 2 0.20147590 -0.20979759 0.61634630 0
2 0.19640364 -0.13694209 0.61339742 2 0.18892457 -0.20335089 0.61339742 0
2 0.18462174 -0.13159111 0.61853349 2 0.17477243 -0.19440830 0.61853349 2
-999
