2 0.15108241 0.16948219 0.70590788 2 0.13649215 0.15683410 0.70590788 3
2 0.13551584 0.17880733 0.70681822 2 0.13051470 0.15937059 0.70681822 3
2 0.11422181 0.18593463 0.71392816 2 0.12076461 0.16392645 0.71392816 3
2 0.08893929 0.18795435 0.72161490 2 0.10970932 0.16316253 0.72161490 3
2 0.06260535 0.18412477 0.73098892 2 0.09709667 0.16211843 0.73098892 3
2 0.03743767 0.17552000 0.74982822 2 0.08547550 0.15607437 0.74982822 3
2 0.01312422 0.15769407 0.76099426 2 0.07333301 0.14797014 0.76099426 3
2 -0.01194725 0.13426289 0.77242339 2 0.06117672 0.13528100 0.77242339 3
2 -0.02744687 0.09695513 0.78848898 2 0.05283302 0.11759107 0.78848898 3
2 -0.04880852 0.06549842 0.79765081 2 0.04152046 0.10084782 0.79765081 3
2 -0.05887837 0.02605687 0.80641490 2 0.03524619 0.08205460 0.80641490 3
2 -0.06029360 -0.01401160 0.80434054 2 0.03321626 0.06155489 0.80434054 3
2 -0.04931162 -0.06098983 0.80319697 2 0.03715296 0.03886294 0.80319697 3
2 -0.04329615 -0.10476959 0.80635369 2 0.03882925 0.01712163 0.80635369 3
2 -0.03157913 -0.14791475 0.80583090 2 0.04310816 -0.00397289 0.80583090 3
2 -0.02279973 -0.18174477 0.79491460 2 0.04616039 -0.02093692 0.79491460 3
2 -0.00630405 -0.21265163 0.78227317 2 0.05273006 -0.03618777 0.78227317 3
2 0.01836795 -0.23624071 0.76833743 2 0.06343511 -0.04794956 0.76833743 3
2 0.05066763 -0.24995963 0.75119746 2 0.07796622 -0.05589372 0.75119746 3
2 0.08633456 -0.25171119 0.73769456 2 0.09403675 -0.05722013 0.73769456 0
2 0.12002811 -0.24206576 0.72039086 2 0.10931730 -0.05413333 0.72039086 0
2 0.14775679 -0.22307160 0.71031010 2 0.12203473 -0.04566234 0.71031010 0
2 0.17313814 -0.19789314 0.70272404 2 0.13351709 -0.03480265 0.70272404 0
2 0.19428492 -0.16902323 0.69665039 2 0.14345615 -0.02208211 0.69665039 0
2 0.21246290 -0.14345054 0.69347215 2 0.15182745 -0.01082261 0.69347215 0
2 0.22725694 -0.11553120 0.69257814 2 0.15922692 0.00076851 0.69257814 0
2 0.23374876 -0.07860265 0.69273782 2 0.16253267 0.01765473 0.69273782 0
2 0.23659104 -0.04922549 0.69366139 2 0.16475855 0.02998693 0.69366139 3
2 0.23560117 -0.02066480 0.69151068 2 0.16492835 0.04310948 0.69151068 3
2 0.23178914 0.00851572 0.69275934 2 0.16452016 0.05552576 0.69275934 3
2 0.22363630 0.03695483 0.69524598 2 0.16060609 0.06972229 0.69524598 3
2 0.21246319 0.06376330 0.70063502 2 0.15745530 0.08076010 0.70063502 3
2 0.19562390 0.09005882 0.70604539 2 0.14949855 0.09409925 0.70604539 3
2 0.17494805 0.11563633 0.71048999 2 0.14081982 0.10569693 0.71048999 3
2 0.15333228 0.13622822 0.71798080 2 0.13129461 0.11539827 0.71798080 3
2 0.13001427 0.14957617 0.72372681 2 0.12093000 0.12167761 0.72372681 3
2 0.10493430 0.16492347 0.73618287 2 0.10951991 0.12853682 0.73618287 3
2 0.08024278 0.17540874 0.74463683 2 0.09809791 0.13393185 0.74463683 3
2 0.05650805 0.18052253 0.75529975 2 0.08714788 0.13537119 0.75529975 3
2 0.02923600 0.18527703 0.76705605 2 0.07418484 0.13793972 0.76705605 3
2 -0.00117268 0.19623643 0.77257884 2 0.05963638 0.14192948 0.77257884 3
2 -0.02498603 0.18543194 0.78863639 2 0.04760774 0.13738567 0.78863639 3
1 -0.06603719 0.18080549 0.81717479 1 0.02786737 0.13373980 0.81717479 3
1 -0.07725218 0.15638880 0.82186890 1 0.02049610 0.12322325 0.82186890 0
1 -0.07016058 0.11511942 0.81856775 1 0.02391043 0.10176673 0.81856775 0
2 -0.07954561 0.08511577 0.82864118 2 0.01773660 0.08798621 0.82864118 3
2 -0.08925261 0.05384945 0.83295399 2 0.01222037 0.07188482 0.83295399 3
2 -0.09302878 0.01882138 0.83455455 2 0.00849431 0.05543029 0.83455455 3
2 -0.09523599 -0.01628220 0.83458745 2 0.00645284 0.03788991 0.83458745 3
2 -0.09139441 -0.05772127 0.83278811 2 0.00636399 0.01790085 0.83278811 3
2 -0.09581512 -0.09410829 0.82707208 2 0.00327043 0.00012729 0.82707208 3
2 -0.06791533 -0.14591379 0.82400995 2 0.01425171 -0.02529368 0.82400995 3
2 -0.06028342 -0.17992987 0.81025732 2 0.01783128 -0.04202233 0.81025732 3
2 -0.04604727 -0.20968357 0.79444379 2 0.02200137 -0.05731647 0.79444379 3
2 -0.01821945 -0.23365971 0.77846467 2 0.03496763 -0.06868374 0.77846467 3
2 0.00840999 -0.24491084 0.75826198 2 0.04614501 -0.07589407 0.75826198 3
2 0.04123827 -0.24646123 0.73907793 2 0.06108130 -0.07580955 0.73907793 3
2 0.07625060 -0.23775953 0.72713870 2 0.07739311 -0.07384185 0.72713870 0
2 0.11142924 -0.21970449 0.71165085 2 0.09354146 -0.06370489 0.71165085 0
2 0.13768126 -0.19446652 0.70163941 2 0.10639936 -0.05442044 0.70163941 0
2 0.15810512 -0.16210587 0.69457757 2 0.11519691 -0.03693962 0.69457757 0
2 0.18151647 -0.13110694 0.69245827 2 0.12725721 -0.02519725 0.69245827 0
2 0.19970734 -0.09912816 0.69188100 2 0.13537617 -0.00880846 0.69188100 0
2 0.21407457 -0.06355824 0.69112325 2 0.14321713 0.00703675 0.69112325 3
2 0.22301430 -0.02932630 0.69582123 2 0.14741452 0.02351909 0.69582123 3
2 0.22842062 0.00179541 0.69411814 2 0.15108475 0.03805137 0.69411814 3
2 0.23003584 0.03428771 0.69857967 2 0.15280673 0.05294940 0.69857967 3
2 0.22752495 0.06198777 0.70135832 2 0.15309641 0.06607926 0.70135832 3
2 0.21940953 0.08887020 0.70528942 2 0.15036735 0.07886385 0.70528942 3
2 0.20563999 0.11597026 0.71138149 2 0.14541346 0.09215265 0.71138149 3
2 0.18814749 0.13696377 0.71994144 2 0.13809937 0.10260381 0.71994144 3
2 0.16858715 0.15275045 0.72551721 2 0.13041583 0.11017860 0.72551721 3
2 0.14721648 0.16613269 0.73404253 2 0.12137653 0.11669064 0.73404253 3
2 0.12439387 0.17442204 0.74761230 2 0.11169744 0.12057365 0.74761230 3
2 0.10032961 0.18120767 0.75383401 2 0.10114127 0.12390653 0.75383401 3
2 0.07685589 0.18204394 0.76645297 2 0.09054052 0.12414411 0.76645297 3
2 0.04329981 0.19270104 0.77269942 2 0.07527072 0.12902139 0.77269942 3
2 0.03051426 0.17038336 0.78716362 2 0.06896978 0.11862529 0.78716362 3
2 0.00893664 0.15700394 0.79619712 2 0.05950037 0.11121673 0.79619712 3
2 -0.02071832 0.14263457 0.80820256 2 0.04463367 0.10450657 0.80820256 3
2 -0.03801043 0.11631562 0.82143360 2 0.03645037 0.09105272 0.82143360 3
2 -0.04877050 0.08277719 0.82597190 2 0.03057928 0.07477146 0.82597190 3
2 -0.05638032 0.04757978 0.83153969 2 0.02669555 0.05656283 0.83153969 3
2 -0.06129987 0.01204023 0.83225352 2 0.02339664 0.03926526 0.83225352 3
2 -0.06230273 -0.02613034 0.82841390 2 0.02249751 0.01967606 0.82841390 3
2 -0.05664295 -0.07023853 0.82397795 2 0.02419288 -0.00203981 0.82397795 3
2 -0.05730475 -0.10787430 0.81597626 2 0.02348965 -0.02169429 0.81597626 3
2 -0.03776301 -0.15600270 0.81610119 2 0.03146032 -0.04546633 0.81610119 3
2 -0.03134016 -0.18932413 0.80505627 2 0.03472253 -0.06359854 0.80505627 3
2 -0.01065589 -0.22107194 0.79235679 2 0.04298791 -0.07965128 0.79235679 3
2 0.01336874 -0.24666268 0.77987576 2 0.05490913 -0.09418276 0.77987576 3
2 0.04265450 -0.26428926 0.76303339 2 0.06771252 -0.10379032 0.76303339 3
2 0.07782710 -0.27167010 0.75051153 2 0.08502545 -0.10947987 0.75051153 3
2 0.11073861 -0.26834178 0.73405021 2 0.10027415 -0.10927480 0.73405021 0
2 0.14205086 -0.25307259 0.71884143 2 0.11570869 -0.10382187 0.71884143 0
2 0.16899739 -0.22853354 0.70612860 2 0.12862444 -0.09335994 0.70612860 0
2 0.18990418 -0.19969349 0.69546819 2 0.13904157 -0.08091907 0.69546819 0
2 0.20975648 -0.16339423 0.69234663 2 0.14879066 -0.06486011 0.69234663 0
2 0.22594070 -0.13392331 0.68908846 2 0.15696675 -0.05141475 0.68908846 0
2 0.23441786 -0.09515191 0.69046783 2 0.16153890 -0.03439020 0.69046783 3
2 0.23789276 -0.05674545 0.69242579 2 0.16347076 -0.01598662 0.69242579 3
2 0.23617302 -0.02322750 0.68926805 2 0.16324070 -0.00119340 0.68926805 3
2 0.23192964 0.00909300 0.69740313 2 0.16129306 0.01444625 0.69740313 3
2 0.22011429 0.04279490 0.70244575 2 0.15625891 0.02958594 0.70244575 3
2 0.20518626 0.07296123 0.70820826 2 0.14897005 0.04444389 0.70820826 3
2 0.18423386 0.10378467 0.71417105 2 0.13947533 0.05852901 0.71417105 3
2 0.16164793 0.12690683 0.72195756 2 0.12820205 0.07009348 0.72195756 3
2 0.13664195 0.14609911 0.73101056 2 0.11649815 0.07891776 0.73101056 3
2 0.11185259 0.16133101 0.73949856 2 0.10400692 0.08662846 0.73949856 3
2 0.08399896 0.17448999 0.75303900 2 0.09060608 0.09277020 0.75303900 3
2 0.06297543 0.17926851 0.76638019 2 0.07971410 0.09544280 0.76638019 3
2 0.02549646 0.19809465 0.77585030 2 0.06164237 0.10417752 0.77585030 3
2 0.00420859 0.19445015 0.78799659 2 0.04999228 0.10337818 0.78799659 3
2 -0.01493566 0.18281387 0.80163062 2 0.04063555 0.09727744 0.80163062 3
2 -0.03072391 0.16273443 0.81397402 2 0.03167942 0.08827257 0.81397402 3
2 -0.05796407 0.14762065 0.82605469 2 0.01829249 0.08026673 0.82605469 3
2 -0.05728919 0.11160828 0.83173847 2 0.01669580 0.06364701 0.83173847 3
2 -0.07120775 0.08008716 0.83382577 2 0.01020453 0.04721161 0.83382577 3
2 -0.07900070 0.04357557 0.83552396 2 0.00432758 0.03010667 0.83552396 3
2 -0.08287474 0.00930674 0.83415180 2 0.00246103 0.01211724 0.83415180 3
2 -0.08061714 -0.03115353 0.83365226 2 0.00154332 -0.00726387 0.83365226 3
2 -0.07937407 -0.07621425 0.82933331 2 0.00211975 -0.03057541 0.82933331 3
2 -0.06092818 -0.12837768 0.82627600 2 0.00894425 -0.05616030 0.82627600 3
2 -0.05437467 -0.17121214 0.81490308 2 0.01249993 -0.07890850 0.81490308 3
2 -0.04362043 -0.21162282 0.79843330 2 0.01553955 -0.09924654 0.79843330 3
2 -0.01829809 -0.24974592 0.78182840 2 0.02785603 -0.11981887 0.78182840 3
2 0.00672754 -0.27792752 0.76306182 2 0.03845592 -0.13473822 0.76306182 3
2 0.03834572 -0.29635516 0.74687016 2 0.05364133 -0.14591114 0.74687016 3
2 0.07444513 -0.30034626 0.73538381 2 0.06999268 -0.14915401 0.73538381 3
2 0.10655270 -0.29182941 0.72135466 2 0.08559843 -0.14727701 0.72135466 3
2 0.13457346 -0.26737592 0.70508015 2 0.09833426 -0.13689709 0.70508015 3
2 0.16214766 -0.23632297 0.69373888 2 0.11187090 -0.12397368 0.69373888 0
2 0.18284471 -0.20046350 0.68259698 2 0.12159129 -0.10798793 0.68259698 0
2 0.20381963 -0.16092938 0.68215096 2 0.13219893 -0.09080235 0.68215096 0
2 0.22207044 -0.12780899 0.68265569 2 0.14116696 -0.07585985 0.68265569 0
2 0.23400927 -0.08594263 0.68439925 2 0.14778821 -0.05760554 0.68439925 3
2 0.24147932 -0.04704709 0.69176322 2 0.15204825 -0.03955664 0.69176322 3
2 0.24573173 -0.01495855 0.69255155 2 0.15498696 -0.02524822 0.69255155 3
2 0.24591462 0.02126912 0.69966030 2 0.15620111 -0.00836593 0.69966030 3
2 0.24267684 0.05242855 0.70888585 2 0.15595348 0.00615248 0.70888585 3
2 0.23009059 0.08471279 0.71299517 2 0.15133253 0.02143087 0.71299517 3
2 0.21363766 0.11291885 0.72169083 2 0.14438646 0.03524978 0.72169083 3
2 0.19248006 0.13592966 0.73245573 2 0.13548933 0.04671310 0.73245573 3
2 0.17076941 0.15240444 0.74142992 2 0.12573311 0.05559738 0.74142992 3
2 0.14634952 0.16488703 0.75119299 2 0.11513484 0.06248980 0.75119299 3
2 0.11918783 0.17759703 0.76451081 2 0.10283732 0.06996679 0.76451081 3
2 0.09696083 0.18232955 0.77411097 2 0.09285309 0.07390825 0.77411097 3
2 0.07628715 0.18096404 0.78154689 2 0.08358265 0.07498318 0.78154689 3
2 0.03313701 0.20215794 0.79374301 2 0.06319946 0.08686911 0.79374301 3
2 0.01340277 0.19206047 0.80300802 2 0.05300414 0.08488718 0.80300802 3
2 -0.00300856 0.17708801 0.81103212 2 0.04532288 0.07886247 0.81103212 3
2 -0.02051234 0.15058725 0.81800306 2 0.03593565 0.06877822 0.81800306 3
2 -0.03822032 0.12269003 0.82242811 2 0.02710682 0.05586810 0.82242811 3
2 -0.04740155 0.08579012 0.82693070 2 0.02132886 0.04044440 0.82693070 3
2 -0.05901421 0.04904836 0.82742423 2 0.01508754 0.02296716 0.82742423 3
2 -0.06742109 0.00792550 0.82850689 2 0.00941791 0.00466712 0.82850689 3
2 -0.06925417 -0.03547955 0.82313907 2 0.00759141 -0.01655813 0.82313907 3
2 -0.07267041 -0.07758079 0.81546420 2 0.00441559 -0.03601332 0.81546420 3
2 -0.06576864 -0.12419405 0.81133592 2 0.00648007 -0.05920921 0.81133592 3
2 -0.03280914 -0.17677587 0.81317884 2 0.02069541 -0.08441444 0.81317884 3
2 -0.03700162 -0.20604484 0.79944140 2 0.01857028 -0.10025927 0.79944140 3
2 -0.01568699 -0.23666598 0.79049659 2 0.02611064 -0.11493365 0.79049659 0
2 0.00354252 -0.25429904 0.77481788 2 0.03608236 -0.12592836 0.77481788 0
2 0.03152588 -0.26657143 0.75948983 2 0.04694885 -0.13215636 0.75948983 3
2 0.06353980 -0.27080825 0.74484706 2 0.06350850 -0.13680236 0.74484706 3
2 0.10017698 -0.26777354 0.73157418 2 0.07906490 -0.13595034 0.73157418 0
2 0.12980731 -0.25184891 0.71810281 2 0.09508795 -0.13110276 0.71810281 0
2 0.16001411 -0.23186567 0.70617515 2 0.10781544 -0.12187424 0.70617515 0
2 0.18520433 -0.20531319 0.69450635 2 0.12200218 -0.11155421 0.69450635 0
2 0.20826691 -0.17359546 0.69179100 2 0.13201346 -0.09723514 0.69179100 0
2 0.22812428 -0.14479266 0.69155890 2 0.14329305 -0.08511763 0.69155890 0
2 0.24211906 -0.11247947 0.69136244 2 0.15053955 -0.07101314 0.69136244 3
2 0.24940410 -0.07363516 0.69565409 2 0.15634254 -0.05413595 0.69565409 3
2 0.25270662 -0.04039968 0.70052272 2 0.15800834 -0.03842622 0.70052272 3
2 0.25069407 -0.00959716 0.70398289 2 0.15927011 -0.02503419 0.70398289 3
2 0.24336153 0.02397120 0.70888311 2 0.15617366 -0.00888465 0.70888311 3
2 0.22987428 0.05332105 0.71582836 2 0.15177558 0.00445613 0.71582836 3
2 0.21272136 0.08127757 0.72069174 2 0.14411075 0.01813832 0.72069174 3
2 0.18962267 0.10644380 0.72730172 2 0.13455524 0.03018479 0.72730172 3
2 0.16381428 0.12520894 0.73202217 2 0.12361202 0.03946272 0.73202217 3
2 0.13507691 0.14136809 0.74612808 2 0.11020009 0.04819571 0.74612808 3
2 0.10653600 0.14994888 0.75302041 2 0.09784376 0.05315572 0.75302041 3
2 0.07362777 0.15951946 0.76543558 2 0.08257948 0.05901631 0.76543558 3
2 0.05164311 0.15624145 0.77979124 2 0.07260548 0.05914726 0.77979124 3
2 0.02786900 0.15124655 0.78739077 2 0.06184422 0.05810023 0.78739077 3
2 -0.01075040 0.15488604 0.80277658 2 0.04356349 0.06175754 0.80277658 3
2 -0.04812010 0.15029480 0.82228124 2 0.02548547 0.06137614 0.82228124 3
2 -0.03478242 0.10789227 0.81796575 2 0.03065176 0.04329414 0.81796575 3
2 -0.05174044 0.08442823 0.82085645 2 0.02353424 0.03252754 0.82085645 3
2 -0.06568367 0.05505337 0.82791531 2 0.01471418 0.02069929 0.82791531 3
2 -0.07845215 0.02550587 0.82971215 2 0.00920545 0.00644229 0.82971215 3
2 -0.08189642 -0.00848601 0.82650834 2 0.00502248 -0.00793102 0.82650834 3
2 -0.07888619 -0.05137403 0.82257944 2 0.00680564 -0.02913917 0.82257944 3
2 -0.08550005 -0.08924930 0.81762785 2 0.00131273 -0.04635319 0.81762785 3
2 -0.07498329 -0.13600056 0.80984670 2 0.00593671 -0.06966101 0.80984670 3
2 -0.05538379 -0.18405192 0.80529529 2 0.01339194 -0.09274104 0.80529529 3
2 -0.04206481 -0.22253481 0.79593736 2 0.01941570 -0.11279006 0.79593736 3
2 -0.02092281 -0.25576058 0.77978718 2 0.02759021 -0.12915616 0.77978718 3
2 0.00336735 -0.28331754 0.76331395 2 0.03895358 -0.14456251 0.76331395 3
2 0.03219204 -0.30337447 0.74607444 2 0.05128923 -0.15512735 0.74607444 0
2 0.06676771 -0.31157818 0.73174441 2 0.06775007 -0.16159002 0.73174441 0
2 0.09974708 -0.31154013 0.72146380 2 0.08277087 -0.16267079 0.72146380 0
2 0.12766181 -0.29831195 0.70634675 2 0.09632043 -0.15897743 0.70634675 0
2 0.14791657 -0.27167448 0.69506413 2 0.10574428 -0.14726371 0.69506413 3
2 0.16710584 -0.23895651 0.68104726 2 0.11492999 -0.13356921 0.68104726 3
2 0.18212076 -0.20525627 0.67275715 2 0.12293835 -0.11913388 0.67275715 0
2 0.19548078 -0.16666493 0.67020655 2 0.12924933 -0.10204158 0.67020655 0
2 0.20876719 -0.13342598 0.66999972 2 0.13630435 -0.08716148 0.66999972 0
2 0.21768664 -0.09958523 0.67432421 2 0.14142725 -0.07262194 0.67432421 0
2 0.22055636 -0.05847603 0.67723304 2 0.14364928 -0.05361989 0.67723304 3
2 0.21897341 -0.02512359 0.68379194 2 0.14412679 -0.03872565 0.68379194 3
2 0.21323578 0.00803529 0.69109684 2 0.14201395 -0.02298995 0.69109684 3
2 0.20462281 0.03986466 0.69635850 2 0.13949324 -0.00853551 0.69635850 3
2 0.19074763 0.06894299 0.70436186 2 0.13330764 0.00576914 0.70436186 3
2 0.17084180 0.09741540 0.71042609 2 0.12529060 0.01919615 0.71042609 3
2 0.14590926 0.11985588 0.72363245 2 0.11391778 0.03067612 0.72363245 3
2 0.12264767 0.13592292 0.73187995 2 0.10368884 0.03902484 0.73187995 3
2 0.09611433 0.14730941 0.74272156 2 0.09157829 0.04562083 0.74272156 3
2 0.07115385 0.15107311 0.75642645 2 0.08041450 0.04855169 0.75642645 3
2 0.04633535 0.15088573 0.77022338 2 0.06874216 0.04996638 0.77022338 3
2 0.01993294 0.14548460 0.78414720 2 0.05682381 0.04896249 0.78414720 3
2 -0.00552960 0.13409705 0.79692692 2 0.04414288 0.04525294 0.79692692 3
2 -0.02773414 0.11568219 0.81283349 2 0.03376110 0.03831530 0.81283349 3
2 -0.04992052 0.09175012 0.82096606 2 0.02218197 0.02840444 0.82096606 3
2 -0.06038688 0.05681958 0.82736915 2 0.01664495 0.01346597 0.82736915 3
2 -0.07179793 0.02213912 0.82887924 2 0.01035350 -0.00227604 0.82887924 3
2 -0.07858662 -0.01498741 0.82888597 2 0.00594750 -0.01879974 0.82888597 3
2 -0.07598497 -0.05624779 0.82564539 2 0.00620259 -0.03815515 0.82564539 3
2 -0.08223551 -0.09050220 0.81618571 2 0.00184017 -0.05385712 0.81618571 3
2 -0.07114160 -0.13079245 0.80784416 2 0.00590508 -0.07351857 0.80784416 3
2 -0.03404251 -0.17859460 0.79714745 2 0.02203983 -0.09610070 0.79714745 3
2 -0.03557730 -0.20797712 0.78184754 2 0.02149999 -0.11174481 0.78184754 3
2 -0.01176807 -0.23728834 0.76472998 2 0.02976388 -0.12541768 0.76472998 3
2 0.01056626 -0.25736803 0.74586344 2 0.04170827 -0.13739277 0.74586344 0
2 0.04308241 -0.26999095 0.72716224 2 0.05395121 -0.14337046 0.72716224 0
2 0.07971656 -0.27553174 0.71738762 2 0.07355709 -0.14889079 0.71738762 0
2 0.10962200 -0.26953793 0.69999182 2 0.08497564 -0.14608075 0.69999182 0
2 0.14145431 -0.25582066 0.68846053 2 0.10259932 -0.14247051 0.68846053 0
2 0.16673493 -0.23263237 0.67680627 2 0.11251362 -0.13153398 0.67680627 0
2 0.18604825 -0.20509596 0.67037284 2 0.12392019 -0.12061363 0.67037284 0
2 0.20385553 -0.17120391 0.66937757 2 0.13114731 -0.10514026 0.66937757 0
2 0.22230802 -0.14461982 0.67207927 2 0.14237165 -0.09442483 0.67207927 0
2 0.23197052 -0.11053333 0.67644352 2 0.14634705 -0.07906131 0.67644352 0
2 0.23447470 -0.07055652 0.68106914 2 0.14947893 -0.06124549 0.68106914 0
2 0.23246591 -0.03576299 0.69145149 2 0.14907263 -0.04559581 0.69145149 0
2 0.22521085 -0.00572935 0.69843799 2 0.14679502 -0.03191089 0.69843799 3
2 0.21212445 0.02633874 0.70806205 2 0.14148289 -0.01734520 0.70806205 3
2 0.19711109 0.05514342 0.71878356 2 0.13528168 -0.00360442 0.71878356 3
2 0.17533161 0.08175755 0.72783840 2 0.12609662 0.00866209 0.72783840 3
2 0.14834230 0.10724247 0.73653555 2 0.11372715 0.02107533 0.73653555 3
2 0.12305553 0.12151782 0.75017881 2 0.10313697 0.02795531 0.75017881 3
2 0.09478293 0.13458861 0.76429009 2 0.08946416 0.03489234 0.76429009 3
2 0.07092427 0.13925408 0.77814198 2 0.07930192 0.03787091 0.77814198 3
2 0.03937377 0.14623189 0.79339105 2 0.06447162 0.04197902 0.79339105 3
2 0.01260699 0.14729717 0.80953157 2 0.05215790 0.04413555 0.80953157 3
2 -0.00307141 0.13578750 0.82064003 2 0.04483724 0.03981005 0.82064003 3
2 -0.01991453 0.12175897 0.83287942 2 0.03715647 0.03510148 0.83287942 3
2 -0.04880802 0.10794551 0.84797657 2 0.02321436 0.02985423 0.84797657 3
2 -0.06550089 0.08453563 0.85167891 2 0.01447240 0.02112532 0.85167891 3
2 -0.08560380 0.05870455 0.85581696 2 0.00480687 0.00976714 0.85581696 3
2 -0.08889767 0.02485281 0.85411572 2 0.00154041 -0.00426094 0.85411572 3
2 -0.09145641 -0.00848935 0.84930384 2 0.00051460 -0.01973782 0.84930384 3
2 -0.08085094 -0.05224889 0.84430861 2 0.00350316 -0.03929776 0.84430861 3
2 -0.08565580 -0.08778501 0.83515644 2 0.00152890 -0.05627179 0.83515644 3
2 -0.08639297 -0.12533239 0.82401454 2 -0.00142733 -0.07359327 0.82401454 3
2 -0.07085954 -0.16704544 0.81134200 2 0.00589078 -0.09405834 0.81134200 3
2 -0.04757313 -0.20897640 0.80163729 2 0.01494307 -0.11432834 0.80163729 3
2 -0.02965536 -0.24418186 0.78976429 2 0.02334893 -0.13216825 0.78976429 3
2 -0.00960429 -0.27331054 0.77362335 2 0.03100066 -0.14709157 0.77362335 3
2 0.01685149 -0.29732704 0.75901949 2 0.04313914 -0.15969923 0.75901949 3
2 0.04597284 -0.31376946 0.74447685 2 0.05595054 -0.16950601 0.74447685 3
2 0.07686776 -0.31942233 0.73054242 2 0.07007314 -0.17335862 0.73054242 0
2 0.11269711 -0.31933698 0.71948975 2 0.08698980 -0.17579530 0.71948975 0
2 0.13750093 -0.30867189 0.70792079 2 0.09820672 -0.17150693 0.70792079 0
2 0.15898465 -0.28314996 0.69542396 2 0.10920435 -0.16233279 0.69542396 0
2 0.17803977 -0.25131392 0.68325591 2 0.11743775 -0.14734387 0.68325591 0
2 0.19201501 -0.21717145 0.67390972 2 0.12499262 -0.13325901 0.67390972 0
2 0.20116851 -0.18143973 0.67287916 2 0.12909693 -0.11700316 0.67287916 0
2 0.21021955 -0.14606918 0.67403191 2 0.13499235 -0.10229588 0.67403191 0
2 0.21351424 -0.11242818 0.67633486 2 0.13608296 -0.08682286 0.67633486 0
2 0.20989999 -0.07368939 0.68548924 2 0.13639669 -0.07030502 0.68548924 0
2 0.19954742 -0.04068542 0.69414926 2 0.13093020 -0.05462771 0.69414926 3
2 0.18637809 -0.01047960 0.70297676 2 0.12672824 -0.04180416 0.70297676 3
2 0.17101574 0.01924304 0.71597832 2 0.11871556 -0.02733606 0.71597832 3
2 0.14900300 0.04851043 0.72786337 2 0.11058729 -0.01448273 0.72786337 3
2 0.12765451 0.07052761 0.73969066 2 0.09928040 -0.00306485 0.73969066 3
2 0.10352461 0.09213917 0.75078499 2 0.09037088 0.00639537 0.75078499 3
2 0.07748669 0.10705856 0.76276600 2 0.07740784 0.01472861 0.76276600 3
2 0.05049206 0.11902634 0.77688503 2 0.06536224 0.02083211 0.77688503 3
2 0.02748827 0.12226060 0.78843403 2 0.05455085 0.02374559 0.78843403 3
2 0.00408177 0.12263452 0.80133063 2 0.04375637 0.02494382 0.80133063 3
2 -0.01373318 0.11532554 0.80924577 2 0.03543795 0.02300827 0.80924577 3
2 -0.03022905 0.10412819 0.82120854 2 0.02771357 0.01894562 0.82120854 3
2 -0.04542189 0.08800457 0.82802373 2 0.02051527 0.01283299 0.82802373 3
2 -0.07035496 0.07168560 0.83860511 2 0.00820242 0.00654455 0.83860511 3
2 -0.07550143 0.03929367 0.84236550 2 0.00501251 -0.00737653 0.84236550 3
2 -0.09540670 0.01288291 0.84668308 2 -0.00473473 -0.01907473 0.84668308 3
2 -0.12207568 -0.01593677 0.84653455 2 -0.01894526 -0.03139333 0.84653455 3
2 -0.10029630 -0.06710771 0.83813643 2 -0.00977388 -0.05534952 0.83813643 3
2 -0.09716044 -0.10839814 0.83167142 2 -0.00878824 -0.07469308 0.83167142 3
2 -0.08690135 -0.15060234 0.82028854 2 -0.00571656 -0.09457061 0.82028854 3
2 -0.07580556 -0.19023316 0.80468607 2 -0.00111525 -0.11388110 0.80468607 3
2 -0.04809894 -0.22944519 0.78914261 2 0.01034764 -0.13304414 0.78914261 3
2 -0.02950813 -0.25806442 0.77028477 2 0.01870489 -0.14748883 0.77028477 3
2 -0.00184081 -0.27887458 0.74932158 2 0.03026423 -0.15848891 0.74932158 3
2 0.02731573 -0.28940338 0.72914869 2 0.04363488 -0.16445114 0.72914869 0
2 0.06110659 -0.29088649 0.71111071 2 0.05874678 -0.16666347 0.71111071 0
2 0.09641495 -0.28424540 0.69442779 2 0.07502905 -0.16449304 0.69442779 0
2 0.12722687 -0.26671162 0.68261743 2 0.08965879 -0.15792197 0.68261743 0
2 0.15255691 -0.24064657 0.67257279 2 0.10112567 -0.14633128 0.67257279 0
2 0.17122738 -0.20957214 0.66198123 2 0.11062147 -0.13316692 0.66198123 0
2 0.18691440 -0.17422768 0.65917176 2 0.11769652 -0.11713062 0.65917176 0
2 0.20133074 -0.13839163 0.66347033 2 0.12570678 -0.10150918 0.66347033 0
2 0.21336924 -0.10651444 0.66823006 2 0.13055281 -0.08635405 0.66823006 0
2 0.21942718 -0.06797583 0.67618346 2 0.13525820 -0.06974170 0.67618346 0
2 0.21948898 -0.03528291 0.68234277 2 0.13604635 -0.05475991 0.68234277 3
2 0.21667670 -0.00363024 0.68973821 2 0.13547605 -0.04042869 0.68973821 3
2 0.20927782 0.02782014 0.69743383 2 0.13279958 -0.02578425 0.69743383 3
2 0.19655603 0.05912814 0.70590299 2 0.12758394 -0.01117268 0.70590299 3
2 0.17916282 0.08795448 0.71345538 2 0.12031778 0.00258731 0.71345538 3
2 0.15819044 0.11327878 0.72335869 2 0.11119153 0.01452259 0.72335869 3
2 0.13495101 0.13301112 0.73576611 2 0.10059050 0.02459965 0.73576611 3
2 0.11059377 0.14741167 0.74616027 2 0.09019000 0.03142291 0.74616027 3
2 0.08367825 0.15740994 0.75616014 2 0.07788412 0.03718403 0.75616014 3
2 0.05863856 0.16254424 0.76969117 2 0.06646528 0.04031571 0.76969117 3
2 0.03826810 0.16116855 0.78201807 2 0.05729630 0.04105281 0.78201807 3
2 0.01355368 0.15824234 0.79471529 2 0.04588548 0.04068017 0.79471529 3
2 -0.00490976 0.14736174 0.80727988 2 0.03729409 0.03728315 0.80727988 3
2 -0.02088180 0.13070288 0.81909221 2 0.02993093 0.03073011 0.81909221 3
2 -0.04884866 0.11795770 0.83139503 2 0.01656800 0.02640272 0.83139503 3
2 -0.06012101 0.09226277 0.83283269 2 0.01035814 0.01611478 0.83283269 3
2 -0.08308647 0.06688649 0.84051633 2 -0.00066347 0.00551916 0.84051633 3
2 -0.08097328 0.03127717 0.84163249 2 -0.00132927 -0.00957768 0.84163249 3
2 -0.08717743 -0.00472793 0.84038728 2 -0.00401363 -0.02600949 0.84038728 3
2 -0.09771038 -0.04290262 0.83308911 2 -0.01100635 -0.04269946 0.83308911 3
2 -0.09569607 -0.09078458 0.82763219 2 -0.01027550 -0.06552880 0.82763219 3
2 -0.07897214 -0.14381658 0.81888092 2 -0.00418691 -0.09012304 0.81888092 3
2 -0.07671455 -0.18748324 0.81173551 2 -0.00316629 -0.11155213 0.81173551 0
2 -0.05147592 -0.23323599 0.80299634 2 0.00649210 -0.13339780 0.80299634 0
2 -0.03960413 -0.26847640 0.79096705 2 0.01262239 -0.15150416 0.79096705 0
2 -0.02005932 -0.30042088 0.77913564 2 0.01945829 -0.16719560 0.77913564 0
2 0.00880322 -0.32212853 0.76340932 2 0.03361410 -0.17936152 0.76340932 3
2 0.03623613 -0.33434761 0.74724323 2 0.04482533 -0.18598686 0.74724323 3
2 0.06629950 -0.33351704 0.73144895 2 0.05947620 -0.18770967 0.73144895 0
2 0.11268778 -0.32445309 0.72353703 2 0.08035783 -0.18441029 0.72353703 0
2 0.13429981 -0.30776611 0.70896667 2 0.09179886 -0.17855085 0.70896667 0
2 0.15461718 -0.27279457 0.69562536 2 0.10029416 -0.16315770 0.69562536 0
2 0.17112999 -0.23769592 0.68343610 2 0.10949621 -0.14789158 0.68343610 0
2 0.18746839 -0.20246223 0.67685777 2 0.11642668 -0.13232826 0.67685777 0
2 0.20137700 -0.16291970 0.67580765 2 0.12464182 -0.11479121 0.67580765 0
2 0.21600850 -0.13160679 0.67595506 2 0.13120794 -0.10079131 0.67595506 0
2 0.22196895 -0.09166236 0.68443555 2 0.13592748 -0.08307924 0.68443555 0
2 0.22169785 -0.05232792 0.68961912 2 0.13588561 -0.06491673 0.68961912 0
2 0.21711691 -0.01947980 0.69647068 2 0.13547549 -0.04994209 0.69647068 3
2 0.20941730 0.01218551 0.70242614 2 0.13203901 -0.03514051 0.70242614 3
2 0.19687465 0.04498846 0.71053755 2 0.12807772 -0.01980708 0.71053755 3
2 0.17927554 0.07328644 0.71939462 2 0.11945295 -0.00575704 0.71939462 3
2 0.15696444 0.09841097 0.72720397 2 0.11120883 0.00614706 0.72720397 3
2 0.13125339 0.12112882 0.74247938 2 0.09919854 0.01773755 0.74247938 3
2 0.10568232 0.13505289 0.75094175 2 0.08759364 0.02547490 0.75094175 3
2 0.07933974 0.14799853 0.76681197 2 0.07592493 0.03251546 0.76681197 3
2 0.05411208 0.15414402 0.78151488 2 0.06400416 0.03722548 0.78151488 3
2 0.02901240 0.15719062 0.79718202 2 0.05289541 0.03982859 0.79718202 3
2 0.00860174 0.15204075 0.80549365 2 0.04293849 0.03950383 0.80549365 3
2 -0.01844537 0.14572881 0.82274956 2 0.03036509 0.03782555 0.82274956 3
2 -0.04776308 0.13149616 0.82804590 2 0.01569955 0.03334209 0.82804590 3
2 -0.06209083 0.10443624 0.82917613 2 0.00826378 0.02179141 0.82917613 3
2 -0.07612332 0.07441738 0.83523947 2 0.00080987 0.00921603 0.83523947 3
2 -0.08824976 0.04189163 0.83816117 2 -0.00596381 -0.00519808 0.83816117 3
2 -0.09534344 0.00797893 0.83739477 2 -0.01025045 -0.02047410 0.83739477 3
2 -0.11879988 -0.02369915 0.83759189 2 -0.02271873 -0.03471861 0.83759189 3
2 -0.10037421 -0.07155800 0.83615720 2 -0.01596820 -0.05684705 0.83615720 3
2 -0.10355450 -0.10667117 0.82872212 2 -0.01772801 -0.07399323 0.82872212 3
2 -0.09243973 -0.14394911 0.81787395 2 -0.01512531 -0.09153999 0.81787395 3
2 -0.05874385 -0.18860586 0.81073338 2 0.00063105 -0.11358434 0.81073338 3
2 -0.05170226 -0.22109441 0.79950464 2 0.00255985 -0.12994345 0.79950464 3
2 -0.01736768 -0.25661740 0.79248077 2 0.01748896 -0.14773591 0.79248077 3
2 -0.01050208 -0.27684885 0.77190644 2 0.02072909 -0.15910862 0.77190644 3
2 0.01699239 -0.29426423 0.75626630 2 0.03165409 -0.16849972 0.75626630 3
2 0.04937316 -0.30139023 0.73924243 2 0.04805233 -0.17406633 0.73924243 3
2 0.08675925 -0.29945272 0.72817403 2 0.06417309 -0.17434941 0.72817403 3
2 0.11973745 -0.28516969 0.71294415 2 0.08142233 -0.16967644 0.71294415 0
2 0.14891942 -0.26030770 0.70313531 2 0.09406698 -0.15883103 0.70313531 0
2 0.16844107 -0.22969340 0.69195813 2 0.10579138 -0.14649735 0.69195813 0
2 0.18642198 -0.19862773 0.68492228 2 0.11303744 -0.13220547 0.68492228 0
2 0.20534118 -0.16618784 0.68407428 2 0.12437175 -0.11873432 0.68407428 0
2 0.21831954 -0.13140330 0.68284875 2 0.13004859 -0.10252266 0.68284875 0
2 0.22270581 -0.09264370 0.68522072 2 0.13449071 -0.08569024 0.68522072 0
2 0.22417635 -0.05767169 0.68984616 2 0.13526495 -0.06897877 0.68984616 0
2 0.21941768 -0.02341582 0.69748437 2 0.13532600 -0.05383367 0.69748437 3
2 0.21140182 0.00806840 0.69771779 2 0.13193263 -0.03858793 0.69771779 3
2 0.19929354 0.03871628 0.70421761 2 0.12772670 -0.02434362 0.70421761 3
2 0.18131128 0.06736948 0.71047759 2 0.11970232 -0.01004647 0.71047759 3
2 0.15694864 0.09148827 0.72184026 2 0.10984401 0.00152696 0.72184026 3
2 0.12900898 0.10998641 0.73087847 2 0.09698543 0.01134944 0.73087847 3
2 0.10234031 0.12132639 0.74048775 2 0.08525670 0.01753620 0.74048775 3
2 0.07320713 0.12892374 0.75606126 2 0.07170940 0.02246865 0.75606126 3
2 0.04861265 0.12881240 0.77093518 2 0.06057899 0.02373848 0.77093518 3
2 0.02437437 0.12435681 0.78317195 2 0.04926493 0.02307392 0.78317195 3
2 -0.00180627 0.11711960 0.79309434 2 0.03692870 0.02143469 0.79309434 3
2 -0.01850107 0.09886187 0.79780579 2 0.02890990 0.01424064 0.79780579 3
2 -0.03346158 0.07652943 0.80443239 2 0.02126161 0.00551014 0.80443239 3
2 -0.05059998 0.05079172 0.81106061 2 0.01278569 -0.00525241 0.81106061 3
2 -0.06624852 0.02200323 0.81317168 2 0.00426497 -0.01717964 0.81317168 3
2 -0.07295544 -0.01241708 0.81401670 2 0.00039027 -0.03264518 0.81401670 3
2 -0.06861953 -0.05574473 0.81061089 2 0.00111839 -0.05192015 0.81061089 3
2 -0.08604101 -0.08526440 0.80529171 2 -0.00740018 -0.06611460 0.80529171 3
2 -0.07363504 -0.12672032 0.79848933 2 -0.00400524 -0.08454374 0.79848933 3
2 -0.03194793 -0.17464255 0.79420996 2 0.01597665 -0.10823229 0.79420996 3
2 -0.03542618 -0.19950412 0.77953333 2 0.01302330 -0.11990575 0.77953333 3
2 -0.00267859 -0.23567687 0.76763874 2 0.02730520 -0.13791902 0.76763874 3
2 0.01200294 -0.25167674 0.75033015 2 0.03435379 -0.14632449 0.75033015 3
2 0.03978230 -0.26848578 0.73828042 2 0.04571327 -0.15499888 0.73828042 3
2 0.07357325 -0.27751181 0.72806597 2 0.06257411 -0.16074918 0.72806597 0
2 0.11066152 -0.27871585 0.71963048 2 0.07881563 -0.16212381 0.71963048 0
2 0.14126582 -0.26735342 0.71259326 2 0.09469757 -0.15845041 0.71259326 0
2 0.16697639 -0.24875070 0.70333952 2 0.10584264 -0.15028638 0.70333952 0
2 0.19071421 -0.22591244 0.69980609 2 0.11884589 -0.14119950 0.69980609 3
2 0.20742360 -0.19571939 0.69482625 2 0.12611976 -0.12744564 0.69482625 3
2 0.22288138 -0.16470636 0.69626403 2 0.13544339 -0.11425509 0.69626403 0
2 0.23320119 -0.13508539 0.69241506 2 0.14005724 -0.10062284 0.69241506 0
2 0.23577133 -0.10077585 0.69631457 2 0.14335340 -0.08570051 0.69631457 3
2 0.23345870 -0.06229775 0.69790345 2 0.14171493 -0.06745577 0.69790345 3
2 0.22889517 -0.03306382 0.70033562 2 0.14223017 -0.05477433 0.70033562 3
2 0.22180596 -0.00056667 0.70374352 2 0.13791358 -0.03904346 0.70374352 3
2 0.21045965 0.02674375 0.70848835 2 0.13495463 -0.02667837 0.70848835 3
2 0.19520305 0.05514275 0.71169156 2 0.12843300 -0.01339578 0.71169156 3
2 0.17526208 0.08037569 0.71598911 2 0.12032697 -0.00093714 0.71598911 3
2 0.15292153 0.10237361 0.72694868 2 0.11048683 0.00964832 0.72694868 3
2 0.12891622 0.11758445 0.73413086 2 0.10009043 0.01796072 0.73413086 3
2 0.10565618 0.12784715 0.74266976 2 0.09006855 0.02322450 0.74266976 3
2 0.08235194 0.13352165 0.75694793 2 0.07931142 0.02765855 0.75694793 3
2 0.06240954 0.13289273 0.76465261 2 0.07079846 0.02817979 0.76465261 3
2 0.04257159 0.12937911 0.77500272 2 0.06147797 0.02857257 0.77500272 3
2 0.02217237 0.12047858 0.78510195 2 0.05245655 0.02549976 0.78510195 3
2 0.00195246 0.10579257 0.79109627 2 0.04264641 0.02063042 0.79109627 3
2 -0.01420716 0.08405598 0.79460567 2 0.03494199 0.01160008 0.79460567 3
2 -0.02531637 0.05556477 0.80093569 2 0.02910298 -0.00007697 0.80093569 3
2 -0.04671889 0.02881354 0.80601412 2 0.01848858 -0.01185686 0.80601412 3
2 -0.05611518 -0.00633514 0.80842191 2 0.01284664 -0.02700671 0.80842191 3
2 -0.04476447 -0.05278092 0.80790049 2 0.01759697 -0.04872178 0.80790049 3
2 -0.05880925 -0.08782297 0.80558455 2 0.01045429 -0.06503962 0.80558455 3
2 -0.05346246 -0.12852563 0.79941046 2 0.01109287 -0.08392840 0.79941046 3
2 -0.01939982 -0.17595679 0.79746407 2 0.02699676 -0.10710933 0.79746407 3
2 -0.01154781 -0.20974000 0.78568631 2 0.02982662 -0.12356584 0.78568631 3
2 0.00002681 -0.23743655 0.77076435 2 0.03435781 -0.13762963 0.77076435 3
2 0.01959713 -0.26031440 0.75189728 2 0.04272782 -0.14922008 0.75189728 3
2 0.04875027 -0.27454004 0.72839266 2 0.05591170 -0.15733933 0.72839266 3
2 0.08896370 -0.28847924 0.71620190 2 0.07444301 -0.16490613 0.71620190 3
2 0.12394479 -0.29553929 0.69531953 2 0.09119187 -0.17013796 0.69531953 0
2 0.15296960 -0.29059744 0.67907488 2 0.10464152 -0.16902599 0.67907488 0
2 0.17970465 -0.27244720 0.66806704 2 0.11778689 -0.16226108 0.66806704 0
2 0.20077513 -0.24752668 0.66123724 2 0.12778097 -0.15147723 0.66123724 0
2 0.22067529 -0.22304662 0.65824848 2 0.13821197 -0.14156485 0.65824848 0
2 0.23412162 -0.19185245 0.65515739 2 0.14458494 -0.12771347 0.65515739 0
2 0.24717019 -0.16013893 0.65744233 2 0.15231414 -0.11417763 0.65744233 0
2 0.25409377 -0.13052379 0.66363263 2 0.15569687 -0.10089265 0.66363263 0
2 0.25542659 -0.09804653 0.66391927 2 0.15781567 -0.08659653 0.66391927 3
2 0.25106844 -0.06487532 0.67141151 2 0.15619239 -0.07157771 0.67141151 3
2 0.24144344 -0.03397928 0.67980945 2 0.15300675 -0.05757733 0.67980945 3
2 0.22885200 -0.00624300 0.68622065 2 0.14789729 -0.04499028 0.68622065 3
2 0.21295112 0.02369590 0.69651228 2 0.14168257 -0.03114383 0.69651228 3
2 0.19778024 0.04950787 0.70804918 2 0.13464014 -0.01883321 0.70804918 3
2 0.17754450 0.07356095 0.71624368 2 0.12719883 -0.00780269 0.71624368 3
2 0.15371217 0.09220581 0.72542751 2 0.11579936 0.00162663 0.72542751 3
2 0.12712875 0.10702899 0.74384290 2 0.10491028 0.00888198 0.74384290 3
2 0.10165393 0.11517137 0.75928140 2 0.09275952 0.01379108 0.75928140 3
2 0.07388339 0.11835988 0.77634931 2 0.08089811 0.01600808 0.77634931 3
2 0.04851582 0.11616775 0.79603601 2 0.06832124 0.01643893 0.79603601 3
2 0.02737259 0.10601349 0.81341165 2 0.05987998 0.01267949 0.81341165 3
2 0.00788425 0.09167109 0.82746249 2 0.04950534 0.00764507 0.82746249 3
2 -0.01223189 0.07500925 0.84090316 2 0.04150302 0.00102087 0.84090316 3
2 -0.03945715 0.05555209 0.85471654 2 0.02748006 -0.00630952 0.85471654 3
2 -0.07154474 0.02914214 0.86423206 2 0.01234475 -0.01760513 0.86423206 3
2 -0.08346434 -0.00506011 0.86739528 2 0.00489529 -0.03182469 0.86739528 3
2 -0.08927016 -0.04283155 0.86456877 2 0.00226561 -0.04920156 0.86456877 3
2 -0.09205572 -0.08001979 0.86677784 2 -0.00075304 -0.06555798 0.86677784 3
1 -0.08190297 -0.11759531 0.86312443 1 0.00376999 -0.08316144 0.86312443 0
1 -0.07527199 -0.14847937 0.85650373 1 0.00580933 -0.09755911 0.85650373 0
2 -0.05650181 -0.18054470 0.84435576 2 0.01364580 -0.11244121 0.84435576 3
2 -0.04560170 -0.20887446 0.83034873 2 0.01827293 -0.12641512 0.83034873 3
2 -0.00998837 -0.24208121 0.82281667 2 0.03340671 -0.14229143 0.82281667 3
2 0.01043617 -0.26312619 0.80839330 2 0.04377479 -0.15370573 0.80839330 3
2 0.03867533 -0.27701330 0.79074675 2 0.05479758 -0.16038686 0.79074675 3
2 0.06918554 -0.28447545 0.77701956 2 0.07048982 -0.16582970 0.77701956 3
2 0.10097493 -0.28430805 0.76601928 2 0.08335104 -0.16601458 0.76601928 0
2 0.12874641 -0.27318054 0.75078684 2 0.09816855 -0.16282965 0.75078684 0
2 0.15237939 -0.25543767 0.73932904 2 0.10752946 -0.15477988 0.73932904 0
2 0.17009978 -0.23425514 0.73064435 2 0.11775997 -0.14665790 0.73064435 0
2 0.18496794 -0.20963591 0.72185677 2 0.12339333 -0.13547777 0.72185677 0
2 0.19774142 -0.18017593 0.71744859 2 0.13126877 -0.12323599 0.71744859 0
2 0.20801099 -0.14984003 0.71413273 2 0.13545974 -0.10939017 0.71413273 3
2 0.21197966 -0.11668552 0.71011823 2 0.13876282 -0.09500483 0.71011823 3
2 0.21082865 -0.08069225 0.71332181 2 0.13802515 -0.07852492 0.71332181 3
2 0.20415677 -0.04482045 0.71938020 2 0.13637976 -0.06260171 0.71938020 3
2 0.19451460 -0.01668481 0.72371119 2 0.13207877 -0.04960655 0.72371119 3
2 0.18128067 0.01315538 0.73271215 2 0.12681581 -0.03616691 0.73271215 3
2 0.16465952 0.04218348 0.74272281 2 0.11983079 -0.02247518 0.74272281 3
2 0.14307304 0.06674790 0.75246823 2 0.10941724 -0.01074907 0.75246823 3
2 0.12168223 0.08688457 0.75919682 2 0.10188095 -0.00165035 0.75919682 3
2 0.09828001 0.10228726 0.76907313 2 0.08917612 0.00677652 0.76907313 3
2 0.07286149 0.11213040 0.78191501 2 0.08035218 0.01105420 0.78191501 3
2 0.05023766 0.11580503 0.79571098 2 0.06810006 0.01408447 0.79571098 3
2 0.03007314 0.11356747 0.81120920 2 0.06071243 0.01316744 0.81120920 3
2 0.01245315 0.10666979 0.82314879 2 0.05146327 0.01125864 0.82314879 3
2 -0.00519624 0.09530800 0.83522838 2 0.04404580 0.00659404 0.83522838 3
2 -0.03692964 0.09072342 0.84907448 2 0.02872339 0.00578539 0.84907448 3
2 -0.04169517 0.06390660 0.85392642 2 0.02646132 -0.00546760 0.85392642 3
2 -0.06546000 0.04178735 0.86537910 2 0.01573790 -0.01509220 0.86537910 3
2 -0.07860679 0.01422036 0.86856949 2 0.00818243 -0.02632244 0.86856949 3
1 -0.08692206 -0.01608512 0.87587804 1 0.00469151 -0.03997313 0.87587804 3
2 -0.07628206 -0.05710533 0.87812334 2 0.00773121 -0.05783520 0.87812334 3
1 -0.08241314 -0.08303941 0.88241607 1 0.00581135 -0.07031446 0.88241607 3
2 -0.06764574 -0.11770555 0.87689877 2 0.01008645 -0.08515605 0.87689877 3
2 -0.06272330 -0.14669254 0.86771739 2 0.01372934 -0.09973074 0.86771739 3
2 -0.05647286 -0.17668079 0.85565943 2 0.01350462 -0.11267203 0.85565943 3
2 -0.04706260 -0.20633821 0.83725339 2 0.01900336 -0.12811381 0.83725339 3
2 -0.01641647 -0.23997089 0.82910502 2 0.03047210 -0.14345299 0.82910502 3
2 0.00315002 -0.25748730 0.81204510 2 0.04119849 -0.15373443 0.81204510 3
2 0.02748583 -0.26664141 0.79732621 2 0.04990391 -0.15775512 0.79732621 3
2 0.05726812 -0.26749581 0.78433126 2 0.06513958 -0.16005006 0.78433126 3
2 0.08916181 -0.25720552 0.76686186 2 0.07832458 -0.15538894 0.76686186 3
2 0.11751378 -0.24033177 0.75517881 2 0.09264224 -0.14896625 0.75517881 3
2 0.14347064 -0.21975879 0.74101764 2 0.10408983 -0.13987307 0.74101764 0
2 0.16292486 -0.19233276 0.73045266 2 0.11380113 -0.12806936 0.73045266 0
2 0.17920254 -0.15900303 0.72494006 2 0.12172639 -0.11323033 0.72494006 3
2 0.19029215 -0.12825799 0.72195840 2 0.12706694 -0.09920964 0.72195840 3
2 0.19598377 -0.09491248 0.71709579 2 0.13073249 -0.08458506 0.71709579 3
2 0.19706075 -0.06147372 0.71824580 2 0.13115242 -0.06894883 0.71824580 3
2 0.19227937 -0.03035562 0.71984327 2 0.13050649 -0.05535299 0.71984327 3
2 0.18675727 -0.00155499 0.72199565 2 0.12717651 -0.04142550 0.72199565 3
2 0.17673986 0.02840338 0.72151637 2 0.12460033 -0.02830010 0.72151637 3
2 0.15968035 0.06055463 0.72783440 2 0.11571835 -0.01234306 0.72783440 3
2 0.14249144 0.08413064 0.73272270 2 0.11006761 -0.00199308 0.73272270 3
2 0.11908756 0.10946176 0.74033850 2 0.09720002 0.01150323 0.74033850 3
2 0.09808396 0.12309521 0.74806190 2 0.09052254 0.01729947 0.74806190 3
2 0.07187121 0.13931938 0.76281899 2 0.07709435 0.02634548 0.76281899 3
2 0.05220291 0.14455028 0.77600139 2 0.06882265 0.02959167 0.77600139 3
2 0.01622958 0.16005278 0.79172230 2 0.05219977 0.03772652 0.79172230 3
2 0.00009648 0.15106620 0.80714393 2 0.04378841 0.03577871 0.80714393 3
2 -0.00155856 0.12835643 0.81951523 2 0.04420612 0.02516966 0.81951523 3
2 -0.01642594 0.11023714 0.83073956 2 0.03667307 0.01877297 0.83073956 3
2 -0.05351004 0.10226270 0.84265769 2 0.01987721 0.01535663 0.84265769 3
1 -0.07499029 0.07554211 0.84916407 1 0.00773300 0.00558051 0.84916407 0
2 -0.07648648 0.03345556 0.85319054 2 0.00751626 -0.01443294 0.85319054 0
2 -0.08524033 -0.00072372 0.85754967 2 0.00178370 -0.02862419 0.85754967 3
2 -0.08150106 -0.04052623 0.85261166 2 0.00317014 -0.04740188 0.85261166 3
2 -0.08328620 -0.07920011 0.85144693 2 0.00114824 -0.06455854 0.85144693 3
1 -0.07630346 -0.11815449 0.84828424 1 0.00336259 -0.08331046 0.84828424 3
2 -0.06001845 -0.15836307 0.84237939 2 0.01005892 -0.10177920 0.84237939 3
2 -0.06032406 -0.18970194 0.83893383 2 0.00885042 -0.11724804 0.83893383 3
2 -0.03659376 -0.22517562 0.83104014 2 0.01872347 -0.13426520 0.83104014 0
2 -0.01694197 -0.25035006 0.81729215 2 0.02749454 -0.14716670 0.81729215 0
2 0.00203834 -0.26283038 0.79987061 2 0.03536442 -0.15390101 0.79987061 3
2 0.02821924 -0.26773027 0.77984518 2 0.04701772 -0.15698951 0.77984518 3
2 0.06120180 -0.26540691 0.76593071 2 0.06211008 -0.15707275 0.76593071 3
2 0.09165367 -0.25151041 0.74829996 2 0.07608499 -0.15126778 0.74829996 3
2 0.11916834 -0.23117109 0.73475128 2 0.08909652 -0.14292589 0.73475128 0
2 0.14274982 -0.20749210 0.72459364 2 0.10002219 -0.13237490 0.72459364 0
2 0.15989996 -0.18155871 0.71644521 2 0.10853685 -0.12138418 0.71644521 0
1 0.16852479 -0.13646692 0.70568907 1 0.11259913 -0.10075851 0.70568907 0
2 0.18356796 -0.11703655 0.70638996 2 0.12011117 -0.09192963 0.70638996 3
2 0.18766585 -0.08652396 0.71215004 2 0.12252431 -0.07895958 0.71215004 3
2 0.18551460 -0.04965952 0.71749306 2 0.12177852 -0.06145898 0.71749306 3
2 0.18045779 -0.02029151 0.72733867 2 0.12005686 -0.04866140 0.72733867 3
2 0.17011978 0.00970116 0.73769480 2 0.11551800 -0.03442014 0.73769480 3
2 0.15250967 0.03845081 0.74507159 2 0.10756081 -0.02137965 0.74507159 3
2 0.13482614 0.06307653 0.75530356 2 0.09961011 -0.00953353 0.75530356 3
2 0.11334287 0.08454087 0.76722640 2 0.09057782 0.00009891 0.76722640 3
2 0.09125774 0.10252033 0.77701128 2 0.07923499 0.00958258 0.77701128 3
2 0.06385431 0.11947139 0.78986281 2 0.06809033 0.01728426 0.78986281 3
2 0.04593987 0.12328328 0.80128562 2 0.05908301 0.02025108 0.80128562 3
2 0.02550958 0.12532990 0.81565589 2 0.05032167 0.02149648 0.81565589 3
2 0.00795577 0.12300212 0.82776237 2 0.04130100 0.02186029 0.82776237 3
2 -0.01002886 0.11558441 0.83988452 2 0.03375718 0.01904347 0.83988452 3
2 -0.04054005 0.11430570 0.85258275 2 0.01874012 0.01995031 0.85258275 3
2 -0.05239571 0.09503442 0.85835528 2 0.01343313 0.01207216 0.85835528 3
1 -0.08490518 0.08225439 0.86919844 1 -0.00235490 0.00700288 0.86919844 0
2 -0.07038416 0.04097897 0.87161350 2 0.00317153 -0.01046811 0.87161350 0
2 -0.09357701 0.01740672 0.87067878 2 -0.00679797 -0.02159920 0.87067878 3
1 -0.10191387 -0.01251783 0.87460792 1 -0.01386291 -0.03318819 0.87460792 3
2 -0.08909762 -0.05576715 0.86897582 2 -0.00668008 -0.05425559 0.86897582 3
2 -0.07098003 -0.09916293 0.86397421 2 -0.00095644 -0.07287610 0.86397421 3
1 -0.07876633 -0.12376872 0.85864389 1 -0.00328408 -0.08574181 0.85864389 0
2 -0.06305968 -0.16306992 0.85479254 2 0.00025898 -0.10245413 0.85479254 0
2 -0.04085075 -0.20139839 0.84286273 2 0.01242085 -0.12250196 0.84286273 3
2 -0.01588173 -0.23475724 0.83026123 2 0.02078089 -0.13715343 0.83026123 3
2 0.00535080 -0.25415206 0.81571567 2 0.03226691 -0.14848067 0.81571567 3
2 0.03690411 -0.26841030 0.80609995 2 0.04419102 -0.15456846 0.80609995 3
2 0.06885927 -0.26970011 0.79087824 2 0.06074975 -0.15712638 0.79087824 0
2 0.10508790 -0.26379073 0.77940834 2 0.07585537 -0.15414701 0.77940834 0
2 0.13496943 -0.24801938 0.76663917 2 0.09118770 -0.14824818 0.76663917 0
2 0.16179052 -0.22558761 0.75464892 2 0.10263339 -0.13790868 0.75464892 0
2 0.18443626 -0.19824083 0.74546212 2 0.11409568 -0.12600411 0.74546212 3
2 0.20398393 -0.16818640 0.73903537 2 0.12312138 -0.11249963 0.73903537 3
2 0.21700470 -0.13863620 0.73414373 2 0.12956280 -0.09903266 0.73414373 0
2 0.22172177 -0.10141815 0.73042792 2 0.13249503 -0.08254258 0.73042792 0
2 0.22217654 -0.06654009 0.73643929 2 0.13252540 -0.06593093 0.73643929 3
2 0.21651064 -0.03352154 0.73768324 2 0.13125183 -0.05155454 0.73768324 3
2 0.20856179 -0.00599588 0.74060434 2 0.12673208 -0.03791732 0.74060434 3
2 0.19352093 0.02346140 0.74254245 2 0.12129616 -0.02529098 0.74254245 3
2 0.17787716 0.05109572 0.74849629 2 0.11254474 -0.01128012 0.74849629 3
2 0.15475135 0.07773461 0.75188822 2 0.10431477 0.00011797 0.75188822 3
2 0.13160308 0.09865224 0.75898612 2 0.09176098 0.01127579 0.75898612 3
2 0.10847256 0.11244922 0.76944512 2 0.08353454 0.01705310 0.76944512 3
2 0.08222830 0.12526356 0.77597320 2 0.06982987 0.02442016 0.77597320 3
2 0.05724528 0.13176008 0.78845119 2 0.06009749 0.02754799 0.78845119 3
2 0.03511091 0.13145448 0.79918909 2 0.04871306 0.02859110 0.79918909 3
2 0.01632620 0.12625442 0.80747908 2 0.04112715 0.02663847 0.80747908 3
2 -0.00177630 0.11689276 0.81866872 2 0.03260185 0.02305547 0.81866872 3
2 -0.01573282 0.10201678 0.82998294 2 0.02606448 0.01725271 0.82998294 3
2 -0.04703296 0.09289715 0.83482498 2 0.01179055 0.01365653 0.83482498 3
2 -0.05875415 0.06613284 0.83935124 2 0.00506767 0.00288811 0.83935124 3
2 -0.07673083 0.03589362 0.84155607 2 -0.00240170 -0.01120915 0.84155607 3
2 -0.07444606 -0.00245063 0.83913237 2 -0.00342919 -0.02733322 0.83913237 3
2 -0.07141747 -0.04549849 0.84148401 2 -0.00068153 -0.04787602 0.84148401 3
2 -0.08001439 -0.08349887 0.84321868 2 -0.00709430 -0.06441634 0.84321868 3
1 -0.06570981 -0.12607668 0.83987474 1 0.00014052 -0.08480606 0.83987474 0
1 -0.06533629 -0.16671513 0.83701682 1 -0.00118951 -0.10329080 0.83701682 0
2 -0.06267693 -0.20662545 0.83210027 2 -0.00033203 -0.12264431 0.83210027 3
1 -0.05759743 -0.24380368 0.82315689 1 0.00073129 -0.14023864 0.82315689 3
2 -0.01568870 -0.28548232 0.81280410 2 0.01948289 -0.16046339 0.81280410 0
2 0.01141796 -0.31680754 0.80586320 2 0.03265023 -0.17642592 0.80586320 0
2 0.04928437 -0.33477503 0.78672570 2 0.04874224 -0.18560693 0.78672570 3
2 0.08900670 -0.34305969 0.77316755 2 0.06888223 -0.19103475 0.77316755 3
2 0.13078128 -0.34213817 0.76432300 2 0.08673162 -0.19100966 0.76432300 0
2 0.16137695 -0.33084852 0.75993782 2 0.10336480 -0.18769227 0.75993782 0
2 0.19001019 -0.30301574 0.74896097 2 0.11475971 -0.17463674 0.74896097 0
2 0.21590887 -0.27582210 0.74617106 2 0.12976041 -0.16373684 0.74617106 0
2 0.23107424 -0.23631443 0.73364425 2 0.13483834 -0.14504379 0.73364425 0
2 0.24405497 -0.20195374 0.73066640 2 0.14402960 -0.13058949 0.73066640 0
2 0.25104979 -0.16958839 0.72917181 2 0.14545210 -0.11515887 0.72917181 0
2 0.25231540 -0.13572408 0.72480398 2 0.14930519 -0.10102622 0.72480398 0
2 0.24549434 -0.09421549 0.72614658 2 0.14423189 -0.08097509 0.72614658 3
2 0.23350042 -0.05663649 0.72714925 2 0.14119087 -0.06430523 0.72714925 3
2 0.21600637 -0.02410020 0.73055381 2 0.13206780 -0.04891369 0.73055381 3
2 0.19522169 0.00990654 0.73476511 2 0.12389410 -0.03347652 0.73476511 3
2 0.17255750 0.04134570 0.74298012 2 0.11275504 -0.01828829 0.74298012 3
2 0.14485213 0.07120658 0.75472003 2 0.10120668 -0.00448711 0.75472003 3
2 0.12153755 0.09002688 0.76213527 2 0.09018058 0.00485506 0.76213527 3
2 0.09445825 0.10995352 0.77490664 2 0.07815986 0.01461158 0.77490664 3
2 0.06729772 0.12240236 0.79130256 2 0.06578352 0.02107533 0.79130256 3
2 0.04554247 0.12351558 0.80378264 2 0.05558508 0.02232287 0.80378264 3
2 0.02414587 0.11826761 0.81680828 2 0.04589209 0.02036447 0.81680828 3
2 0.00355278 0.10586994 0.82943290 2 0.03621196 0.01523369 0.82943290 3
2 -0.03372896 0.10155851 0.84145129 2 0.01939280 0.01357866 0.84145129 3
2 -0.04415284 0.07333909 0.84518725 2 0.01327405 0.00190773 0.84518725 3
2 -0.06203156 0.04610901 0.85101634 2 0.00603937 -0.01090630 0.85101634 3
2 -0.07917820 0.01627129 0.85348338 2 -0.00328347 -0.02339004 0.85348338 3
2 -0.09636663 -0.01058560 0.86113513 2 -0.01087599 -0.03574041 0.86113513 3
2 -0.08743734 -0.05704599 0.85339433 2 -0.00801965 -0.05629432 0.85339433 3
2 -0.08080500 -0.10173068 0.85652637 2 -0.00434832 -0.07767126 0.85652637 3
2 -0.08593294 -0.14055669 0.85552013 2 -0.00798464 -0.09524085 0.85552013 3
1 -0.08087059 -0.18634950 0.85338038 1 -0.00624189 -0.11691203 0.85338038 0
2 -0.07962995 -0.23007792 0.84123379 2 -0.00630250 -0.13807790 0.84123379 0
2 -0.06550983 -0.27589193 0.83281416 2 -0.00116824 -0.15982331 0.83281416 3
2 -0.03027736 -0.32090992 0.83397806 2 0.01546567 -0.18262275 0.83397806 3
2 -0.00188818 -0.35237774 0.82064730 2 0.02765869 -0.19799031 0.82064730 0
2 0.03500949 -0.37149355 0.80770206 2 0.04540280 -0.20906079 0.80770206 0
2 0.06793354 -0.37507111 0.78977871 2 0.05994103 -0.21107759 0.78977871 0
2 0.12406249 -0.36989570 0.79176080 2 0.08685661 -0.21064836 0.79176080 0
2 0.14042401 -0.35052395 0.76715130 2 0.09482282 -0.20198523 0.76715130 0
2 0.15906484 -0.31872380 0.75084162 2 0.10304947 -0.18869001 0.75084162 0
2 0.17816681 -0.27711657 0.73346084 2 0.11274163 -0.16949388 0.73346084 0
2 0.19503935 -0.23938544 0.72183812 2 0.12032109 -0.15281178 0.72183812 0
2 0.20630985 -0.20218952 0.71771890 2 0.12680544 -0.13600624 0.71771890 0
2 0.21381055 -0.16430531 0.71130574 2 0.12956053 -0.11865705 0.71130574 0
2 0.21256094 -0.12353753 0.71239305 2 0.13098834 -0.10079093 0.71239305 0
2 0.20532273 -0.08198725 0.71546638 2 0.12719637 -0.08164176 0.71546638 0
2 0.19333468 -0.03973101 0.71953279 2 0.12283480 -0.06241656 0.71953279 3
2 0.18089546 -0.00787333 0.73093319 2 0.11593895 -0.04701462 0.73093319 3
2 0.16074303 0.02926985 0.74064404 2 0.10821295 -0.03073877 0.74064404 3
2 0.13995883 0.05908612 0.75243211 2 0.09806571 -0.01620505 0.75243211 3
2 0.11820039 0.08190989 0.76200283 2 0.08886066 -0.00591202 0.76200283 3
2 0.09025692 0.10123341 0.77520818 2 0.07599593 0.00355742 0.77520818 3
2 0.06544702 0.11345477 0.78866899 2 0.06432926 0.00950547 0.78866899 3
2 0.04431327 0.11773846 0.80640733 2 0.05528815 0.01182172 0.80640733 3
2 0.02252740 0.12069079 0.81632221 2 0.04477750 0.01377281 0.81632221 3
2 0.00421930 0.11869485 0.82794875 2 0.03667011 0.01339879 0.82794875 3
2 -0.01065256 0.10889857 0.83888811 2 0.02967976 0.00965628 0.83888811 3
2 -0.03925718 0.10601375 0.85014820 2 0.01685683 0.00879678 0.85014820 3
2 -0.05568470 0.08729047 0.85292554 2 0.00789531 0.00200396 0.85292554 3
2 -0.08253206 0.06590433 0.85906118 2 -0.00339826 -0.00816387 0.85906118 3
2 -0.07786350 0.02766557 0.85959005 2 -0.00331476 -0.02379665 0.85959005 3
2 -0.08738665 -0.00486755 0.86007321 2 -0.00557131 -0.03991636 0.86007321 3
2 -0.08579817 -0.04707102 0.86374748 2 -0.00790540 -0.05720993 0.86374748 3
2 -0.09920884 -0.08081919 0.86572081 2 -0.01195686 -0.07469135 0.86572081 3
2 -0.09280372 -0.12351867 0.86587095 2 -0.01286502 -0.09231286 0.86587095 3
2 -0.08886296 -0.16549401 0.86520845 2 -0.00878493 -0.11379098 0.86520845 3
2 -0.08018327 -0.20857275 0.86129451 2 -0.00812244 -0.13322139 0.86129451 3
2 -0.07306805 -0.24648771 0.84432286 2 -0.00335276 -0.15272023 0.84432286 3
2 -0.03245825 -0.29012647 0.83669341 2 0.01273411 -0.17290866 0.83669341 3
2 -0.00947786 -0.31734061 0.82078987 2 0.02543614 -0.18804877 0.82078987 3
2 0.03234563 -0.33673400 0.79978198 2 0.04250321 -0.19723238 0.79978198 0
2 0.07452601 -0.34232786 0.78204143 2 0.06396302 -0.20190646 0.78204143 0
2 0.12081590 -0.33732638 0.76820326 2 0.08469416 -0.20018390 0.76820326 0
2 0.15320547 -0.31985039 0.75539196 2 0.10092435 -0.19336423 0.75539196 0
2 0.17993163 -0.28400165 0.73688680 2 0.11363298 -0.17755634 0.73688680 0
2 0.19934104 -0.24573238 0.72458470 2 0.12263382 -0.15967798 0.72458470 0
2 0.21382785 -0.20871679 0.71783561 2 0.13119464 -0.14410707 0.71783561 0
2 0.22008564 -0.16736642 0.71594226 2 0.13295449 -0.12403618 0.71594226 0
2 0.22748733 -0.13261208 0.71256751 2 0.13924472 -0.10975432 0.71256751 0
2 0.22089474 -0.09082521 0.71357286 2 0.13429855 -0.08907826 0.71357286 0
2 0.21015158 -0.05202414 0.72163272 2 0.13211724 -0.07251354 0.72163272 3
2 0.19617580 -0.02052931 0.72740263 2 0.12367977 -0.05666342 0.72740263 3
2 0.17927909 0.00962478 0.73747551 2 0.11835078 -0.04405104 0.73747551 3
2 0.15532604 0.04329145 0.74427384 2 0.10637122 -0.02758008 0.74427384 3
2 0.13106723 0.06440704 0.75378549 2 0.09614050 -0.01809364 0.75378549 3
2 0.10282429 0.08313600 0.76473427 2 0.08243772 -0.00877434 0.76473427 3
2 0.07690264 0.09172387 0.77754670 2 0.07189640 -0.00532748 0.77754670 3
2 0.05535046 0.09268814 0.79041791 2 0.06124287 -0.00422965 0.79041791 3
2 0.04240088 0.08766854 0.79602420 2 0.05575908 -0.00645321 0.79602420 3
2 0.03098554 0.08284829 0.79860175 2 0.05090402 -0.00859936 0.79860175 3
2 0.02223661 0.07942017 0.80243856 2 0.04732628 -0.00971998 0.80243856 3
2 0.01319957 0.07942924 0.80477369 2 0.04361901 -0.00918535 0.80477369 3
2 0.00631150 0.07912692 0.80391681 2 0.04042312 -0.00798178 0.80391681 3
2 -0.00333523 0.08707090 0.80278039 2 0.03668165 -0.00347490 0.80278039 3
2 -0.02412859 0.12142042 0.79266411 2 0.02652057 0.01483979 0.79266411 2
-999
