2 0.11951721 -0.12498461 1.05963349 2 0.19144447 0.18536738 0.67941189 3
2 0.11936611 -0.12501003 1.05961061 2 0.19041367 0.18629380 0.67720503 3
2 0.11917397 -0.12506208 1.05948448 2 0.18800880 0.18695159 0.67204994 3
2 0.11896641 -0.12515683 1.05943346 2 0.18555570 0.18886997 0.67158556 3
2 0.11862180 -0.12528175 1.05923891 2 0.18112913 0.19025889 0.66910547 3
2 0.11849444 -0.12526438 1.05912399 2 0.17464243 0.19218285 0.67270029 3
2 0.11842645 -0.12512414 1.05896986 2 0.16617247 0.19363940 0.67465967 3
2 0.11831263 -0.12486581 1.05879414 2 0.15506215 0.19500187 0.68235135 3
2 0.11799647 -0.12452875 1.05827284 2 0.14263383 0.19465783 0.69535911 3
2 0.11550856 -0.11503781 1.04997981 2 0.12915158 0.19252808 0.70712626 3
2 0.11609569 -0.11407734 1.05059719 2 0.11613142 0.18831913 0.72397745 3
2 0.11654674 -0.11177695 1.05261004 2 0.10379466 0.18112290 0.74439281 3
2 0.11702096 -0.11425094 1.05255258 2 0.09179936 0.17240079 0.75684065 3
2 0.11729814 -0.11765647 1.05335927 2 0.08203412 0.15985414 0.77321655 3
2 0.11455402 -0.12042810 1.05547762 2 0.07286871 0.14814976 0.78763050 3
2 0.11430296 -0.12464683 1.05538499 2 0.06879069 0.13129140 0.79668528 3
2 0.11408917 -0.12990712 1.05560994 2 0.06248812 0.11846209 0.80465114 3
2 0.11318897 -0.13376677 1.05533862 2 0.06300969 0.10040937 0.80985552 3
2 0.11050115 -0.14073856 1.05986321 2 0.05736786 0.08733736 0.81707388 3
2 0.11299233 -0.13479629 1.06169116 2 0.04541638 0.07701928 0.82198948 3
2 0.11658397 -0.12375131 1.06420922 2 0.05860367 0.05878191 0.82233393 3
2 0.11725594 -0.12019058 1.06455517 2 0.06167446 0.04511285 0.82280874 3
2 0.11761466 -0.11968368 1.06438744 2 0.06956991 0.03136088 0.82056665 3
2 0.11796325 -0.11982600 1.06422174 2 0.07523938 0.01867291 0.81530303 3
2 0.11844495 -0.12033698 1.06407785 2 0.08025019 0.00844292 0.80565172 3
2 0.11912879 -0.12123186 1.06398749 2 0.08860733 -0.00046870 0.79814434 3
2 0.11978746 -0.12209006 1.06405163 2 0.09820793 -0.00783921 0.78665060 3
2 0.12033942 -0.12286975 1.06423664 1 0.10848241 -0.01237254 0.77142066 0
2 0.12071002 -0.12342542 1.06431413 2 0.11817016 -0.01495072 0.75451875 0
2 0.12094716 -0.12390587 1.06447864 2 0.13487047 -0.01940835 0.74314553 0
2 0.12109698 -0.12438907 1.06472933 2 0.14625201 -0.01987900 0.72964931 0
2 0.12126528 -0.12481799 1.06494176 2 0.15804558 -0.01962251 0.71693915 0
2 0.12149862 -0.12533028 1.06514859 2 0.16801091 -0.01736450 0.70742732 0
2 0.12200895 -0.12529989 1.06722510 2 0.17647532 -0.01147769 0.69151163 0
2 0.12221319 -0.12566882 1.06710231 2 0.18542640 -0.00369806 0.68415987 0
2 0.12251254 -0.12553093 1.06877756 2 0.19311523 0.00379129 0.67621136 0
2 0.12260298 -0.12586135 1.06838977 2 0.20004812 0.01330216 0.66919756 0
2 0.12268190 -0.12605922 1.06809795 2 0.20530236 0.02330969 0.66544932 3
2 0.12281331 -0.12624730 1.06783557 2 0.21043150 0.03589554 0.66619611 3
2 0.12303112 -0.12583631 1.06795156 2 0.21297617 0.04659701 0.65927786 3
2 0.12315139 -0.12600730 1.06759179 2 0.21548419 0.05675535 0.65924972 3
2 0.12326923 -0.12610665 1.06722331 2 0.21688251 0.06696600 0.65940332 3
2 0.12338843 -0.12611625 1.06685102 2 0.21768995 0.07785272 0.65653211 3
2 0.12339687 -0.12592772 1.06614566 2 0.21658003 0.08743615 0.65744561 3
2 0.12342577 -0.12562147 1.06577039 2 0.21609782 0.09704296 0.66177887 3
2 0.12329597 -0.12527263 1.06542611 2 0.21260171 0.10722820 0.66631639 3
2 0.12309338 -0.12486660 1.06503808 2 0.20923048 0.11602011 0.66828221 3
2 0.12286120 -0.12434587 1.06479609 2 0.20519006 0.12499391 0.67454696 3
2 0.12259801 -0.12387742 1.06433320 2 0.20024301 0.13246039 0.67618465 3
2 0.12232850 -0.12355585 1.06390357 2 0.19506341 0.13880223 0.67926085 3
2 0.12211731 -0.12339839 1.06374443 2 0.18933314 0.14515916 0.68465716 3
2 0.12199021 -0.12337525 1.06359494 2 0.18251538 0.15082280 0.69143438 3
2 0.12207078 -0.12340575 1.06330657 2 0.17471357 0.15503576 0.69844955 3
2 0.12250370 -0.12337624 1.06262565 2 0.16563472 0.15847956 0.70627856 3
2 0.12286144 -0.12319229 1.06199276 2 0.15739110 0.15923180 0.71078122 3
2 0.12328814 -0.12308978 1.06146049 2 0.14830568 0.16030489 0.71842074 3
2 0.12379882 -0.12345645 1.06087089 2 0.13859993 0.16021886 0.72932369 3
2 0.12404923 -0.12362794 1.06070697 2 0.12886907 0.15980726 0.74297047 3
2 0.12459679 -0.12104119 1.06030476 2 0.11886705 0.15799195 0.75468206 3
2 0.12498505 -0.12060302 1.05884612 2 0.11009102 0.15487707 0.76495701 3
2 0.12427680 -0.12037892 1.05855334 2 0.10191433 0.15177900 0.77578038 3
2 0.12459643 -0.11951889 1.05669034 2 0.09416792 0.14796163 0.78372395 3
2 0.12501800 -0.11894335 1.05614305 2 0.08113497 0.14795880 0.79485434 3
2 0.12500301 -0.11895882 1.05611134 2 0.07752196 0.13817374 0.80194414 3
2 0.12491555 -0.11908276 1.05610335 2 0.07053716 0.12921821 0.81103665 3
2 0.12352443 -0.12122771 1.05672681 2 0.06212342 0.11811108 0.81972027 3
2 0.12123698 -0.12574248 1.05678082 2 0.05834360 0.10247416 0.82466984 3
2 0.11310293 -0.14424682 1.05741203 2 0.04638046 0.09011313 0.83194268 3
2 0.10959841 -0.16033439 1.05701363 1 0.03174380 0.07965501 0.83352160 3
1 0.12300371 -0.14779142 1.04323494 2 0.04132285 0.05500945 0.82894272 3
2 0.12233637 -0.09979061 1.06887400 2 0.04027550 0.03743162 0.82562590 3
2 0.12238680 -0.09883987 1.06860864 2 0.04582009 0.01969568 0.81623828 3
2 0.12239870 -0.09888692 1.06858552 2 0.04988967 0.00244878 0.81075126 3
2 0.12224702 -0.09973024 1.06843150 2 0.05262008 -0.01256650 0.79763412 3
2 0.12223618 -0.10120023 1.06817007 2 0.06021964 -0.02784675 0.78219801 3
2 0.12204628 -0.10285706 1.06837642 2 0.06584472 -0.04025966 0.77060020 3
2 0.12208162 -0.10466643 1.06836760 2 0.07527019 -0.05162039 0.75314212 3
2 0.12200260 -0.10588777 1.06836212 2 0.08338480 -0.05900546 0.73352760 3
2 0.12203392 -0.10686722 1.06885540 2 0.09577792 -0.06586815 0.71858001 3
2 0.12203390 -0.10748608 1.06901360 2 0.10867213 -0.06859460 0.70028943 0
2 0.12210324 -0.10791366 1.06917977 2 0.12101062 -0.06877188 0.68198228 0
2 0.12213663 -0.10820175 1.06922591 2 0.13217768 -0.06594757 0.66506952 0
2 0.12219774 -0.10850835 1.06935036 2 0.14299029 -0.06077564 0.65486860 0
2 0.12225689 -0.10867577 1.06940615 2 0.15258141 -0.05511849 0.64339954 0
2 0.12235437 -0.10892600 1.06950736 2 0.15980941 -0.04684186 0.63171297 0
2 0.12283914 -0.11284884 1.07038760 2 0.16807389 -0.03606906 0.62451029 0
2 0.12302650 -0.11429925 1.07083237 2 0.17527927 -0.02447326 0.62091899 0
2 0.12307517 -0.11547999 1.07067621 2 0.18233436 -0.01330179 0.61759943 3
2 0.12309238 -0.11514176 1.07064903 2 0.18683781 0.00050435 0.62034243 3
2 0.12312173 -0.11480032 1.07058382 2 0.18993013 0.01262818 0.61883444 3
2 0.12309327 -0.11417361 1.07052982 2 0.19092835 0.02437188 0.61815017 3
2 0.12303767 -0.11358123 1.07043433 2 0.19154488 0.03625277 0.62073904 3
2 0.12292467 -0.11268780 1.07031596 2 0.18927579 0.04823700 0.62443590 3
2 0.12276715 -0.11189669 1.07028973 2 0.18657570 0.05971251 0.63399303 3
2 0.12250678 -0.11122350 1.07015252 2 0.18221298 0.07019564 0.63983744 3
2 0.12213156 -0.11039384 1.06998456 2 0.17613734 0.08176979 0.64830917 3
2 0.12186223 -0.10961937 1.06982064 2 0.17023991 0.09073278 0.65564227 3
2 0.12175253 -0.10947563 1.06963348 2 0.16266601 0.10006933 0.66398346 3
2 0.12183248 -0.10943441 1.06946790 2 0.15373662 0.10855529 0.67592812 3
2 0.12172790 -0.11182280 1.06852317 2 0.14383653 0.11550178 0.68650138 3
2 0.12267464 -0.11080614 1.06782389 2 0.13506021 0.12074921 0.70195359 3
2 0.12614855 -0.11351106 1.06258345 2 0.12286990 0.12503527 0.71468335 3
2 0.12602885 -0.11237618 1.06209874 2 0.11146716 0.12673298 0.72934306 3
1 0.15766545 -0.06372898 1.02089775 2 0.09954623 0.12577023 0.74130380 3
2 0.15143636 -0.07009502 1.02677655 2 0.08853919 0.12177480 0.76290840 3
2 0.13539073 -0.08255434 1.03938723 2 0.07755781 0.11533434 0.78060853 3
2 0.13671841 -0.08259133 1.03920460 2 0.06723420 0.10719649 0.79565436 3
2 0.13518509 -0.08877998 1.04283857 2 0.05750868 0.09705530 0.81129038 3
2 0.13374522 -0.09255424 1.04507303 2 0.04859997 0.08582573 0.82186300 3
2 0.13146797 -0.09783538 1.04738760 2 0.03521173 0.07495755 0.83490765 3
2 0.12130445 -0.11847249 1.05357420 1 0.02131991 0.06470412 0.84500808 3
2 0.11934064 -0.12417593 1.05441022 2 0.02346337 0.04682771 0.84746295 3
2 0.10410289 -0.17411861 1.05720377 1 0.02208127 0.03007576 0.84904915 3
2 0.11458207 -0.13462988 1.06375062 2 0.02082761 0.01567468 0.84965855 3
2 0.12836704 -0.06636140 1.07818055 2 0.02203241 0.00041257 0.84915084 3
2 0.12897353 -0.07436549 1.07408786 2 0.03229610 -0.01872767 0.84188187 3
2 0.12938932 -0.08779677 1.06953859 2 0.03579608 -0.03593772 0.83656144 3
2 0.12936980 -0.08791556 1.06960130 2 0.04002437 -0.05290271 0.82885718 3
2 0.12940384 -0.08861281 1.07013559 2 0.03821115 -0.06681693 0.81978917 3
2 0.12953098 -0.09637319 1.07177901 2 0.04759982 -0.08402777 0.81092709 3
2 0.13078403 -0.11393972 1.07307434 2 0.05592979 -0.09761613 0.79296339 3
2 0.13077012 -0.11380199 1.07314277 2 0.06201847 -0.10783765 0.77298671 3
2 0.13076580 -0.11353065 1.07331312 2 0.07428447 -0.11711546 0.75289643 3
2 0.13079296 -0.11337809 1.07340121 2 0.08575282 -0.12169147 0.73150516 0
2 0.13085642 -0.11327241 1.07347548 2 0.10029896 -0.12431159 0.71231115 0
2 0.13102311 -0.11311512 1.07356715 2 0.11292063 -0.12270977 0.69561237 0
2 0.13123077 -0.11294965 1.07365787 2 0.12526925 -0.11738713 0.67971003 0
2 0.13138889 -0.11273959 1.07374144 2 0.13453610 -0.10938638 0.66697884 0
2 0.13157007 -0.11253789 1.07381988 2 0.14444478 -0.10047072 0.65972555 0
2 0.13422926 -0.11720514 1.07513964 2 0.15152204 -0.08957573 0.65284586 0
2 0.13521591 -0.11924040 1.07509780 2 0.15871410 -0.07680723 0.65085375 0
2 0.13588458 -0.12033421 1.07507300 2 0.16401039 -0.06400122 0.64995641 0
2 0.13564964 -0.11814024 1.07439876 2 0.16737969 -0.05119687 0.65061438 0
2 0.13541390 -0.11728524 1.07419348 2 0.16953023 -0.03676048 0.65771776 3
2 0.13509494 -0.11615929 1.07406640 2 0.16839251 -0.02414388 0.66139251 3
2 0.13466690 -0.11487630 1.07349944 2 0.16716848 -0.01202995 0.66143048 3
2 0.13438389 -0.11441361 1.07348979 2 0.16492802 0.00090496 0.67364776 3
2 0.13386899 -0.11391670 1.07304072 2 0.16137505 0.01118462 0.67759609 3
2 0.13357867 -0.11361964 1.07279158 2 0.15670781 0.02139332 0.68447530 3
2 0.13331895 -0.11313221 1.07259810 2 0.15207879 0.03074541 0.68968946 3
2 0.13321754 -0.11261747 1.07203615 2 0.14347219 0.04050719 0.69491595 3
2 0.13314311 -0.11194403 1.07125568 2 0.13713206 0.04794065 0.70338780 3
2 0.13304229 -0.11130676 1.07082129 2 0.12908486 0.05453391 0.71337777 3
2 0.13325526 -0.11043890 1.07002556 2 0.12189321 0.05908053 0.72257662 3
2 0.13359536 -0.11004717 1.06865454 2 0.11141962 0.06422734 0.73352259 3
2 0.13272536 -0.10988636 1.06407583 2 0.10386105 0.06752075 0.74618471 3
2 0.13267970 -0.10971154 1.06405282 2 0.09278835 0.06973088 0.75685501 3
2 0.13233320 -0.10901329 1.06365848 2 0.08472048 0.06813180 0.76455116 3
2 0.13190670 -0.10816993 1.06353509 2 0.07750079 0.06596171 0.78063685 3
2 0.13164173 -0.10768875 1.06316698 2 0.06936618 0.06148741 0.79210341 3
2 0.13130386 -0.10777071 1.06313097 2 0.06215046 0.05545360 0.80696088 3
2 0.13070793 -0.10832976 1.06320119 2 0.04909837 0.04998512 0.81841481 3
2 0.12937975 -0.10925497 1.06402564 2 0.04790368 0.03664597 0.83037978 3
2 0.12739585 -0.11263414 1.06515574 2 0.04211680 0.02467059 0.83919907 3
2 0.12205315 -0.12753564 1.06463432 2 0.03368969 0.01360869 0.84460938 3
2 0.11436746 -0.15973032 1.06036222 1 0.03263955 -0.00029218 0.84983653 0
2 0.11407784 -0.15890402 1.06150496 1 0.02185038 -0.01180593 0.85655379 0
2 0.12830074 -0.09915604 1.07816184 1 0.01884768 -0.02447051 0.85834968 0
2 0.13171245 -0.09102982 1.07190967 1 0.01787063 -0.03758629 0.85349858 0
2 0.13149430 -0.09195762 1.07057679 2 0.03246182 -0.05784022 0.84388298 3
2 0.12827450 -0.10289088 1.06901360 2 0.03794339 -0.07413014 0.83834982 3
2 0.12716514 -0.10897856 1.06788003 2 0.03174018 -0.08387247 0.82246190 3
2 0.12637097 -0.11247338 1.06795788 2 0.04255700 -0.10073482 0.81430387 3
2 0.12602872 -0.11502097 1.06855392 2 0.04973682 -0.11409342 0.80524802 3
2 0.12591524 -0.11669999 1.06874669 2 0.05507459 -0.12286233 0.78714484 3
2 0.12582847 -0.11824978 1.06915700 2 0.06245235 -0.12949660 0.76955110 3
2 0.12573725 -0.11929664 1.06943560 2 0.07357923 -0.13412340 0.75230163 3
2 0.12580065 -0.12008429 1.06991875 2 0.08605533 -0.13619976 0.73572516 3
2 0.12714446 -0.12235671 1.07088876 2 0.09852900 -0.13536498 0.71772683 3
2 0.12720460 -0.12250639 1.07098901 2 0.11095268 -0.13141569 0.70391250 0
2 0.12727481 -0.12266923 1.07108605 2 0.12206838 -0.12510701 0.69224221 0
2 0.12733302 -0.12279178 1.07116652 2 0.13245836 -0.11748453 0.68240380 0
2 0.12737562 -0.12287675 1.07111800 2 0.13865720 -0.10686897 0.67295992 0
2 0.12746660 -0.12303143 1.07120609 2 0.14539830 -0.09603999 0.67222536 0
2 0.12755521 -0.12313335 1.07124996 2 0.15231621 -0.08366646 0.66860843 0
2 0.12769419 -0.12323288 1.07132709 2 0.15765214 -0.07268903 0.66885793 0
2 0.12785429 -0.12344750 1.07134259 2 0.15908943 -0.05802616 0.66705716 0
2 0.13098606 -0.13254008 1.07205522 2 0.16099955 -0.04436014 0.66939318 3
2 0.13168602 -0.13192230 1.07210958 2 0.15989558 -0.03138986 0.66967654 3
2 0.13122228 -0.13069816 1.07176149 2 0.15898764 -0.01943300 0.67257029 3
2 0.13077122 -0.13029182 1.07145917 2 0.15624759 -0.00639791 0.67494833 3
2 0.13025868 -0.12969069 1.07096744 2 0.15284166 0.00492470 0.68069023 3
2 0.12999634 -0.12922165 1.07054472 2 0.14824256 0.01634701 0.68623060 3
2 0.12994276 -0.12866032 1.07017434 2 0.14181757 0.02747223 0.69176686 3
2 0.13001645 -0.12813824 1.06947589 2 0.13422634 0.03619853 0.69823694 3
2 0.12994482 -0.12718663 1.06877816 2 0.12517197 0.04494754 0.70752263 3
2 0.13011919 -0.12571575 1.06788671 2 0.11662782 0.05046728 0.71831274 3
2 0.13068587 -0.12532608 1.06593204 2 0.10644341 0.05559717 0.72641921 3
2 0.13059087 -0.12533601 1.06489599 2 0.09608390 0.05879279 0.73811364 3
2 0.13010402 -0.12516817 1.06436336 2 0.08302958 0.06193015 0.74709713 3
2 0.12902696 -0.12358622 1.06320679 2 0.07423714 0.06112263 0.75838828 3
2 0.12879589 -0.12191535 1.06120861 2 0.06335848 0.05849728 0.76864350 3
2 0.12870392 -0.12187041 1.06098926 2 0.05393858 0.05418581 0.78670067 3
2 0.12752728 -0.12242236 1.06055450 2 0.04311883 0.04830307 0.80054039 3
2 0.12582715 -0.12327050 1.06082726 2 0.03747053 0.03823877 0.81690806 3
2 0.12416407 -0.12468467 1.06147289 2 0.02986841 0.02747703 0.83366752 3
2 0.12192652 -0.12795320 1.06200659 2 0.02672770 0.01408319 0.84447390 3
2 0.12005960 -0.13237587 1.06242013 1 0.03265293 -0.00341271 0.84896719 0
2 0.11920857 -0.13628499 1.06267440 1 0.00350803 -0.01005576 0.87375361 0
2 0.11469952 -0.15203753 1.06197226 1 -0.00046652 -0.02166260 0.87452704 0
1 0.11386617 -0.15208212 1.06324136 2 0.01927778 -0.04376138 0.86918139 0
2 0.12781872 -0.10133036 1.06645656 2 0.01137648 -0.05596930 0.87191081 3
2 0.12761073 -0.10281150 1.06603014 2 0.02458034 -0.07346927 0.86094737 3
2 0.12730932 -0.10589096 1.06612003 2 0.01964222 -0.08535278 0.85325563 3
2 0.12744120 -0.11060587 1.06589925 2 0.02403288 -0.10002016 0.84271145 3
2 0.12733193 -0.11423580 1.06640685 2 0.02857143 -0.11469239 0.82822776 3
2 0.12741059 -0.11682174 1.06721020 2 0.04045543 -0.13064995 0.81503606 3
2 0.12763245 -0.11843371 1.06762671 2 0.04803769 -0.14269403 0.79805648 3
2 0.12795679 -0.11984406 1.06803870 2 0.05402075 -0.15227908 0.77977115 3
2 0.12827411 -0.12103358 1.06865573 2 0.06457173 -0.16068642 0.76267821 3
2 0.12857783 -0.12203300 1.06920743 2 0.07465208 -0.16514166 0.74540758 3
2 0.12885301 -0.12272523 1.06960297 2 0.08829970 -0.16741425 0.72631168 3
2 0.12918274 -0.12330481 1.06990337 2 0.09908069 -0.16645524 0.70868450 3
2 0.12957722 -0.12379727 1.07012343 2 0.11163063 -0.16319372 0.69396311 0
2 0.12997043 -0.12417682 1.07025075 2 0.11981364 -0.15546270 0.68135661 0
2 0.13017514 -0.12525718 1.07033765 2 0.12809703 -0.14441322 0.66762435 0
2 0.13413425 -0.13167359 1.07109499 2 0.13375206 -0.13251130 0.65734982 0
2 0.13406736 -0.13167648 1.07106733 2 0.13937502 -0.12069251 0.64669192 0
2 0.13400246 -0.13179338 1.07107985 2 0.14284992 -0.10736974 0.64249974 0
2 0.13397133 -0.13185446 1.07105207 2 0.14738531 -0.09356831 0.64178509 0
2 0.13392988 -0.13193370 1.07096994 2 0.14983495 -0.08001905 0.64273775 0
2 0.13388768 -0.13200812 1.07086062 2 0.15048872 -0.06541217 0.64604729 3
2 0.13390620 -0.13199148 1.07062161 2 0.14789504 -0.05070920 0.65091151 3
2 0.13393636 -0.13177510 1.07050145 2 0.14469832 -0.03833582 0.65957725 3
2 0.13397022 -0.13145453 1.07015896 2 0.13987370 -0.02670117 0.66810691 3
2 0.13661081 -0.13244170 1.06928325 2 0.13563867 -0.01550356 0.67457724 3
2 0.13624506 -0.13174331 1.06884480 2 0.12891594 -0.00368672 0.68512356 3
2 0.13578391 -0.13031924 1.06693065 2 0.12121254 0.00624028 0.69576013 3
2 0.13502118 -0.12821752 1.06536460 2 0.11301807 0.01556513 0.70811373 3
2 0.13445537 -0.12596945 1.06344914 2 0.10326213 0.02373687 0.71886265 3
2 0.13377327 -0.12535687 1.06242204 2 0.09579255 0.02981879 0.73155499 3
2 0.13297528 -0.12505448 1.06176269 2 0.08663338 0.03525908 0.74575621 3
2 0.13223347 -0.12464836 1.06134057 2 0.07893324 0.03780314 0.75763541 3
2 0.13127507 -0.12363112 1.06089783 2 0.06692053 0.04144185 0.77019918 3
2 0.13048540 -0.12282644 1.06053030 2 0.05852722 0.04113147 0.78451002 3
2 0.12997621 -0.12254826 1.06049204 2 0.04953087 0.03894080 0.80041045 3
2 0.12953931 -0.12232581 1.06050813 1 0.04431202 0.03277841 0.81324959 3
2 0.12950131 -0.12232812 1.06023598 2 0.03175623 0.02935833 0.82868195 3
2 0.12875740 -0.12291951 1.05990016 2 0.02721760 0.02024702 0.84856099 3
2 0.12268698 -0.14121528 1.05915487 1 0.02185424 0.01033784 0.85597277 0
2 0.12244073 -0.14114532 1.05958617 1 0.03072115 -0.00695688 0.85691535 0
2 0.12211958 -0.14148207 1.05983055 2 0.02262361 -0.01756487 0.86341637 3
2 0.12128862 -0.14354874 1.06049025 1 0.00649234 -0.02744303 0.87175208 3
2 0.12069369 -0.14508203 1.06128550 2 0.00546632 -0.04236437 0.86892337 3
2 0.12210570 -0.14045662 1.06206799 2 0.00725256 -0.05720272 0.86563146 3
2 0.12434711 -0.13243669 1.06123245 2 0.00481462 -0.07075311 0.85956115 3
2 0.12921800 -0.11545142 1.06043148 2 -0.00021669 -0.08261611 0.85825682 3
2 0.12923485 -0.11577981 1.06015909 2 0.00348092 -0.09745520 0.84471732 3
2 0.12932956 -0.11770473 1.05961955 2 0.01020481 -0.11348516 0.83580232 3
2 0.12920162 -0.12026832 1.05912042 2 0.01237188 -0.12740321 0.82342690 3
2 0.12919013 -0.12159310 1.05915523 2 0.01733990 -0.13968541 0.81150174 3
2 0.12928346 -0.12233904 1.05935693 2 0.02773625 -0.15269345 0.80100971 3
2 0.12954807 -0.12316115 1.05960989 2 0.03261985 -0.16062185 0.78551382 3
2 0.12986185 -0.12389360 1.05975640 2 0.03836400 -0.16593106 0.76621073 3
2 0.13008769 -0.12438320 1.05996895 2 0.04891796 -0.16969553 0.74888641 3
2 0.13048232 -0.12478371 1.06034303 2 0.05725315 -0.17065394 0.73140770 3
2 0.13087036 -0.12507133 1.06085622 2 0.06871119 -0.16994466 0.71399486 3
2 0.13122536 -0.12528439 1.06129849 2 0.07926108 -0.16545345 0.69776809 0
2 0.13172899 -0.12539099 1.06171739 2 0.09007802 -0.15978202 0.68242115 0
2 0.13220985 -0.12551795 1.06196582 2 0.09887695 -0.15124209 0.66719228 0
2 0.13658909 -0.12725763 1.06442785 2 0.10694411 -0.14080933 0.65577871 0
2 0.13660191 -0.12716131 1.06449318 2 0.11231233 -0.12940477 0.64364004 0
2 0.13659719 -0.12712133 1.06444240 2 0.11700668 -0.11830430 0.63409299 0
2 0.13656275 -0.12709393 1.06450510 2 0.11882081 -0.10583882 0.63249129 0
2 0.13657208 -0.12709890 1.06455481 2 0.12544444 -0.09262703 0.62627965 0
2 0.13873562 -0.12941729 1.06515336 2 0.12909751 -0.07798287 0.62679803 0
2 0.13843897 -0.12914650 1.06489801 2 0.13051234 -0.06454163 0.62767160 0
2 0.13808577 -0.12874000 1.06466198 2 0.13059658 -0.05081914 0.63383746 3
2 0.13776398 -0.12840217 1.06449831 2 0.12841652 -0.03974978 0.63988227 3
2 0.13739979 -0.12820242 1.06432033 2 0.12770052 -0.02924904 0.64532846 3
2 0.13706070 -0.12805910 1.06413734 2 0.12381060 -0.01825837 0.65073240 3
2 0.13671361 -0.12808886 1.06392729 2 0.12128234 -0.00903127 0.66102576 3
2 0.13617966 -0.12772471 1.06340587 2 0.11603721 -0.00054493 0.67060447 3
2 0.13569975 -0.12686750 1.06271160 2 0.11120463 0.00686266 0.68308830 3
2 0.13715555 -0.12400599 1.05968821 2 0.10357746 0.01396483 0.69060951 3
2 0.13678624 -0.12356188 1.05912375 2 0.09834843 0.01791164 0.70032918 3
2 0.13656349 -0.12350444 1.05879545 2 0.08831220 0.02449370 0.70986784 3
2 0.13639340 -0.12369085 1.05847049 2 0.08185465 0.02679248 0.72587872 3
2 0.13599698 -0.12371547 1.05783236 2 0.07456088 0.02780581 0.73849660 3
2 0.13549583 -0.12379149 1.05718648 2 0.06537786 0.02761116 0.75191635 3
2 0.13519141 -0.12376933 1.05676043 2 0.06034344 0.02403038 0.76689482 3
2 0.13503928 -0.12382311 1.05624032 2 0.05202457 0.02021612 0.78169686 3
2 0.13481668 -0.12404874 1.05596948 2 0.04768385 0.01364298 0.79611993 3
2 0.13416398 -0.12466599 1.05609190 2 0.04122682 0.00589831 0.81338960 3
2 0.13195303 -0.13033409 1.05548239 2 0.03676257 -0.00247112 0.82490796 3
2 0.13142477 -0.13108997 1.05573606 2 0.03204997 -0.01233778 0.83482254 3
2 0.13050719 -0.13255721 1.05612290 2 0.02853729 -0.02326241 0.84128481 3
2 0.12385599 -0.16036238 1.05610502 2 0.02191127 -0.03540082 0.84951621 3
2 0.12474815 -0.15173751 1.05907965 2 0.01227654 -0.04761093 0.85478753 3
2 0.12793966 -0.13086294 1.06272459 2 0.01349174 -0.06327633 0.85116506 3
2 0.13073988 -0.11474387 1.06062615 2 0.01727115 -0.07996497 0.84349704 3
2 0.13075233 -0.11429561 1.06051457 2 0.00819535 -0.09322026 0.84315962 3
2 0.13076019 -0.11441795 1.06035244 2 0.01307330 -0.10907282 0.83352953 3
2 0.13084587 -0.11536765 1.06008434 2 0.01546354 -0.12313825 0.82515478 3
2 0.13107871 -0.11705484 1.06021774 2 0.01870233 -0.13678421 0.81883270 3
2 0.13122042 -0.11868507 1.06023705 2 0.03018499 -0.14950915 0.80967736 3
2 0.13142762 -0.11987202 1.06039894 2 0.03658998 -0.15982030 0.79819399 3
2 0.13170134 -0.12081666 1.06080759 2 0.04142353 -0.16721912 0.78582364 0
2 0.13204321 -0.12169964 1.06137979 2 0.04646534 -0.17297444 0.77172005 0
2 0.13242200 -0.12242310 1.06190419 2 0.05674222 -0.17607860 0.75516158 3
2 0.13279706 -0.12298348 1.06238413 2 0.06638338 -0.17718245 0.74010551 3
2 0.13329631 -0.12346538 1.06279600 2 0.07810043 -0.17621343 0.72418880 3
2 0.13367829 -0.12378303 1.06301677 2 0.08802918 -0.17247890 0.70890677 3
2 0.13424383 -0.12401689 1.06341910 2 0.09894326 -0.16724735 0.69656497 0
2 0.14103332 -0.12737070 1.06821275 2 0.10723194 -0.15937474 0.68625277 0
2 0.14091207 -0.12725037 1.06812477 2 0.11473744 -0.14797331 0.67238170 0
2 0.14079428 -0.12715848 1.06796455 2 0.12102371 -0.13684884 0.65988314 0
2 0.14066583 -0.12711851 1.06771505 2 0.12431710 -0.12480395 0.65194124 0
2 0.14056580 -0.12711520 1.06761682 2 0.12935193 -0.11141413 0.64569837 0
2 0.14031167 -0.12717496 1.06728196 2 0.13259757 -0.09859566 0.64329857 0
2 0.14014024 -0.12724817 1.06701517 2 0.13595273 -0.08473746 0.64333808 0
2 0.14002682 -0.12725328 1.06670523 2 0.13724689 -0.07092183 0.64707834 0
2 0.13998672 -0.12722214 1.06662667 2 0.13688856 -0.05765800 0.65513068 0
2 0.13966848 -0.12716158 1.06634426 2 0.13292339 -0.04599252 0.65788412 3
2 0.13935238 -0.12716329 1.06612647 2 0.13173278 -0.03555948 0.66241038 3
2 0.13892440 -0.12722221 1.06571281 2 0.12731065 -0.02564949 0.66640997 3
2 0.13861382 -0.12728000 1.06543279 2 0.12475910 -0.01707230 0.67551714 3
2 0.13823053 -0.12717077 1.06510305 2 0.11891312 -0.00826615 0.68280959 3
2 0.13777006 -0.12667346 1.06452072 2 0.11400323 -0.00115751 0.68974066 3
2 0.13738717 -0.12500614 1.06312120 2 0.10609820 0.00569450 0.69800365 3
2 0.13697585 -0.12408144 1.06215703 2 0.09918294 0.01087178 0.70439243 3
2 0.13669942 -0.12398580 1.06136560 2 0.09113663 0.01466839 0.71342444 3
2 0.13658281 -0.12422240 1.06053710 2 0.08436187 0.01727681 0.72488564 3
2 0.13634744 -0.12448151 1.05958831 2 0.07585748 0.01838433 0.73447508 3
2 0.13579085 -0.12458903 1.05902493 2 0.06853372 0.01839929 0.74830848 3
2 0.13512705 -0.12498059 1.05832303 2 0.06149502 0.01699080 0.75900698 3
2 0.13454986 -0.12526284 1.05751193 2 0.05146271 0.01479827 0.77307397 3
2 0.13391680 -0.12632184 1.05658054 2 0.04886776 0.00944660 0.78403670 3
2 0.13299838 -0.12727636 1.05649579 2 0.04130033 0.00402087 0.80046600 3
2 0.13124081 -0.12872966 1.05697012 2 0.03859716 -0.00432283 0.81270057 3
2 0.12969556 -0.13196538 1.05716693 2 0.02923374 -0.01103390 0.82567549 3
2 0.12844980 -0.13451441 1.05689645 2 0.02732322 -0.02308828 0.82826465 3
2 0.12661424 -0.13747002 1.05748904 2 0.01270275 -0.03100738 0.84314960 3
2 0.12434235 -0.14371191 1.05737627 2 0.00436369 -0.04314680 0.85014576 3
2 0.12424295 -0.14396793 1.05768824 2 0.00414322 -0.05736241 0.84728533 3
2 0.12503171 -0.14102189 1.05823052 2 0.01082605 -0.07350289 0.84378302 3
2 0.13518153 -0.09595264 1.05509448 2 0.00354202 -0.08635121 0.84068632 3
2 0.13515316 -0.09616245 1.05514288 2 -0.00183225 -0.09978537 0.83892059 3
2 0.13508652 -0.09803914 1.05526984 2 0.00783464 -0.11666325 0.83035606 3
2 0.13512382 -0.10096136 1.05550849 2 0.00988325 -0.13075604 0.82199937 3
2 0.13516746 -0.10414886 1.05593741 2 0.01302117 -0.14398484 0.81600040 3
2 0.13529497 -0.10580920 1.05635023 2 0.02232377 -0.15761322 0.80908072 3
2 0.13539781 -0.10701073 1.05705988 2 0.02539323 -0.16862479 0.79946369 3
2 0.13560346 -0.10832364 1.05766165 2 0.02722408 -0.17717700 0.78628862 3
2 0.13575549 -0.10911641 1.05829155 2 0.03482052 -0.18502374 0.77444214 3
2 0.13752970 -0.12543887 1.06473804 2 0.04212135 -0.18961233 0.75759876 0
2 0.13800211 -0.12822713 1.06613731 2 0.05158218 -0.19158576 0.74117094 0
2 0.13831764 -0.12923785 1.06664884 2 0.06010924 -0.18969461 0.72170222 0
2 0.13874298 -0.12998162 1.06716788 2 0.07400170 -0.18565033 0.70921105 0
2 0.13878721 -0.12748666 1.06588697 2 0.08362409 -0.17960849 0.69208032 0
2 0.13901193 -0.12796611 1.06574690 2 0.09116403 -0.17053883 0.67693502 0
2 0.14017388 -0.13276517 1.06624711 2 0.09740493 -0.15849596 0.66605431 0
2 0.14019811 -0.13270544 1.06621456 2 0.10216458 -0.14611156 0.65660191 0
2 0.14024602 -0.13262984 1.06613159 2 0.10721782 -0.13439943 0.64906740 0
2 0.14028415 -0.13259374 1.06603217 2 0.11012723 -0.12258382 0.64324802 0
2 0.14030629 -0.13259430 1.06603098 2 0.11561643 -0.11154301 0.64706135 0
2 0.14041007 -0.13257790 1.06613207 2 0.11834866 -0.09897190 0.64950234 0
2 0.14043489 -0.13257071 1.06607497 2 0.11777990 -0.08434256 0.65017992 3
2 0.14046487 -0.13244686 1.06607068 2 0.11530700 -0.07105722 0.65741944 3
2 0.14042182 -0.13218106 1.06576324 2 0.11343687 -0.05884577 0.66192979 3
2 0.14065142 -0.13191703 1.06583738 2 0.11022052 -0.04849255 0.67197794 3
2 0.14069745 -0.12997569 1.06531358 2 0.10795046 -0.03935429 0.67924708 3
2 0.14055705 -0.12875441 1.06444383 2 0.10195005 -0.02887185 0.69126302 3
2 0.14039503 -0.12897289 1.06075621 2 0.09732412 -0.02065015 0.69752532 3
2 0.13999240 -0.12807985 1.05993247 2 0.08997337 -0.01089976 0.70875251 3
2 0.13964024 -0.12703548 1.05850339 2 0.08464933 -0.00409491 0.71626002 3
2 0.13933404 -0.12608717 1.05735183 2 0.07844142 0.00297688 0.72776240 3
2 0.13889247 -0.12563112 1.05694568 2 0.07250614 0.00776507 0.73899192 3
2 0.13845116 -0.12515754 1.05657232 2 0.06618631 0.01233279 0.74926823 3
2 0.13773042 -0.12419353 1.05614889 2 0.05983310 0.01564983 0.75997913 3
2 0.13726072 -0.12362911 1.05583203 2 0.05332692 0.01874953 0.76926953 3
2 0.13720590 -0.12323766 1.05580735 2 0.04705547 0.02008794 0.78364831 3
2 0.13671598 -0.12313852 1.05590439 1 0.04161860 0.02028826 0.79446942 3
2 0.13604361 -0.12280644 1.05619800 1 0.03760139 0.01795413 0.80617976 0
2 0.13531585 -0.12282113 1.05651295 1 0.03409292 0.01348915 0.81484705 0
2 0.13458005 -0.12308633 1.05700672 1 0.02475132 0.01048757 0.82713920 0
2 0.13365024 -0.12353177 1.05732143 1 0.00330849 0.01252224 0.83971894 0
2 0.13251592 -0.12607269 1.05763268 1 -0.00090658 0.00705580 0.84068984 0
2 0.13109097 -0.13119136 1.05763829 1 -0.00156931 -0.00716379 0.84994215 0
2 0.12930956 -0.13545564 1.05764389 2 0.00083234 -0.02458290 0.84960169 3
1 0.12822823 -0.13776281 1.05710745 1 -0.02232278 -0.03206104 0.88229483 3
1 0.13097288 -0.15149638 1.03928864 1 -0.01458128 -0.04433718 0.85322791 0
2 0.14596818 -0.08094366 1.05887914 1 -0.01165755 -0.05609392 0.84906822 0
2 0.14329499 -0.09034689 1.05290544 2 -0.01355248 -0.07062193 0.84310150 3
2 0.14124931 -0.10503306 1.04547095 2 0.00265792 -0.08872843 0.83284843 3
2 0.14069770 -0.11365490 1.04429853 2 0.00219371 -0.10101570 0.82548094 3
2 0.14103608 -0.11317691 1.04557180 1 0.00496633 -0.11624928 0.81808031 3
2 0.13965113 -0.13656083 1.04512775 1 0.00712506 -0.13036412 0.80719763 0
2 0.13994278 -0.13565156 1.04604745 2 0.01155231 -0.14396906 0.79832774 0
2 0.14031360 -0.13475773 1.04733634 2 0.02167446 -0.15599954 0.78888112 3
2 0.14066882 -0.13400224 1.04891467 2 0.02580076 -0.16335659 0.77234632 3
2 0.14066683 -0.13318059 1.05045640 2 0.03189905 -0.16803771 0.75274926 3
2 0.14074378 -0.13236964 1.05182993 2 0.04189355 -0.17032795 0.73466414 3
2 0.14071609 -0.13155672 1.05309498 2 0.05282716 -0.17017640 0.71557367 3
2 0.14068489 -0.13086578 1.05412197 2 0.06768742 -0.16811337 0.70520610 3
2 0.14080596 -0.13020879 1.05512953 2 0.07691137 -0.16328968 0.68814385 0
2 0.14098787 -0.12990141 1.05571473 2 0.08624380 -0.15518162 0.67430520 0
2 0.14119594 -0.12941669 1.05653477 2 0.09428263 -0.14587653 0.66491157 0
2 0.14132383 -0.12900898 1.05706882 2 0.10028727 -0.13501604 0.65426373 0
2 0.14142492 -0.12883520 1.05744171 2 0.10592660 -0.12379812 0.64861423 0
2 0.14155197 -0.12862170 1.05803180 2 0.11052575 -0.11161473 0.64848399 0
2 0.14177562 -0.12863953 1.05828547 2 0.11591472 -0.09846857 0.64713138 0
2 0.14192587 -0.12858063 1.05844307 2 0.11990742 -0.08646867 0.65122670 0
2 0.14227480 -0.12806472 1.05869591 2 0.11945131 -0.06969082 0.65732133 3
2 0.14250372 -0.12764724 1.05884326 2 0.11801220 -0.05689830 0.66168469 3
2 0.14279304 -0.12697667 1.05894578 2 0.11804609 -0.04658298 0.66651535 3
2 0.14294630 -0.12653257 1.05911577 2 0.11530132 -0.03515863 0.67393214 3
2 0.14306180 -0.12606348 1.05898273 2 0.11246084 -0.02462419 0.67979085 3
2 0.14329064 -0.12510991 1.05807436 2 0.10822495 -0.01491841 0.69035339 3
2 0.14344230 -0.12333339 1.05692518 2 0.10278168 -0.00476827 0.69685107 3
2 0.14372434 -0.12040412 1.05540824 2 0.09740173 0.00339644 0.70407814 3
2 0.14398670 -0.11918512 1.05410504 2 0.09139542 0.01055398 0.71235907 3
2 0.14359191 -0.11886775 1.05334711 2 0.08473919 0.01659228 0.71974224 3
2 0.14300552 -0.11886274 1.05297291 2 0.07788387 0.02183555 0.73089457 3
2 0.14229316 -0.11891589 1.05251384 2 0.07060803 0.02507076 0.73946190 3
2 0.14133070 -0.11777493 1.05163550 2 0.06299124 0.02722793 0.75011504 3
2 0.14073616 -0.11664555 1.05106676 2 0.05627020 0.02717671 0.76124018 3
2 0.14049204 -0.11631181 1.05098820 2 0.05040124 0.02546129 0.77141184 3
2 0.14021619 -0.11615840 1.05110013 2 0.04165835 0.02398854 0.78215271 3
2 0.13991533 -0.11611690 1.05124235 2 0.03517900 0.02035944 0.79197943 3
2 0.13538168 -0.11867828 1.05304766 2 0.03023372 0.01446646 0.80046946 3
2 0.13120793 -0.12467532 1.05520928 2 0.02504081 0.00741111 0.81201142 3
2 0.12817915 -0.12929662 1.05570769 2 0.01998745 -0.00066879 0.81720728 3
2 0.12624811 -0.14279771 1.05417538 2 0.01622901 -0.01044216 0.82358116 3
2 0.12711301 -0.14218912 1.05390191 2 0.01049464 -0.02002848 0.83050585 3
2 0.12113819 -0.16997275 1.05291188 2 0.00815078 -0.03179692 0.83326912 3
2 0.11948193 -0.16940978 1.05551612 2 0.00111853 -0.04310659 0.83341521 3
2 0.13106069 -0.12979002 1.05857861 2 0.00313717 -0.05776698 0.83328319 3
2 0.13249657 -0.12457621 1.05776989 2 0.00292310 -0.07262433 0.83239245 3
2 0.13254701 -0.12440645 1.05757523 1 0.00192421 -0.08733536 0.83013362 0
2 0.13261543 -0.12477733 1.05728424 1 0.00804742 -0.10460950 0.82273382 0
2 0.13278967 -0.12629218 1.05705941 1 0.01052559 -0.12134337 0.81808645 0
2 0.13297336 -0.12794617 1.05695045 1 0.01486266 -0.13798574 0.80910498 0
2 0.13330793 -0.12917139 1.05725634 1 0.02821560 -0.15509418 0.80191100 0
2 0.13365871 -0.13022837 1.05757058 1 0.03027569 -0.16783926 0.79283643 0
2 0.13394566 -0.13113853 1.05788767 2 0.03323362 -0.17685156 0.77823454 3
2 0.13544272 -0.13228893 1.06022024 2 0.04239227 -0.18404251 0.76051039 3
2 0.13650806 -0.13307898 1.06191933 2 0.05069482 -0.18731937 0.73989481 0
2 0.13754208 -0.13342090 1.06391907 2 0.06191438 -0.18812925 0.72070587 0
2 0.13852619 -0.13712884 1.06486535 2 0.07421104 -0.18652992 0.70280182 0
2 0.13965708 -0.13994089 1.06548500 2 0.08944841 -0.18374719 0.68974710 0
2 0.14110914 -0.13847712 1.06677949 2 0.09759245 -0.17741446 0.67581022 0
2 0.14212361 -0.13712542 1.06790960 2 0.10438568 -0.16614562 0.66515160 0
2 0.14287011 -0.13594435 1.06870949 2 0.10962592 -0.15172446 0.65291119 0
2 0.14218362 -0.13568746 1.06763887 2 0.11524936 -0.13952079 0.64534956 0
2 0.14160560 -0.13545699 1.06684721 2 0.11626241 -0.12458004 0.63543350 0
2 0.14108086 -0.13533503 1.06625533 2 0.11947118 -0.11013271 0.63415831 0
2 0.14072429 -0.13528343 1.06594813 2 0.12374315 -0.09683375 0.64016914 0
2 0.14076546 -0.13531125 1.06604409 2 0.12486987 -0.08246379 0.64301991 0
2 0.14028101 -0.13546169 1.06544185 2 0.12443532 -0.06743152 0.65250438 0
2 0.13992731 -0.13549225 1.06490469 2 0.12216119 -0.05377778 0.66142625 0
2 0.13942437 -0.13565403 1.06377649 2 0.11884402 -0.04159118 0.66686404 3
2 0.13907318 -0.13557406 1.06347632 2 0.11554923 -0.03024924 0.67929828 3
2 0.13882810 -0.13562769 1.06324375 2 0.11098240 -0.01878506 0.69230133 3
2 0.13815475 -0.13534698 1.06221712 2 0.10514890 -0.00858369 0.70066166 3
2 0.13749777 -0.13372283 1.06124175 2 0.09874659 0.00031377 0.71119404 3
2 0.13711369 -0.13207228 1.06049263 2 0.09260926 0.00774786 0.72152978 3
2 0.13696186 -0.13141330 1.05985963 2 0.08575724 0.01443161 0.73462915 3
2 0.13669537 -0.13103901 1.05932188 2 0.07958438 0.01875940 0.74581522 3
2 0.13659275 -0.13016748 1.05779457 2 0.07159586 0.02300096 0.75499600 3
2 0.13623425 -0.12990645 1.05641437 2 0.06527556 0.02434914 0.76576185 3
2 0.13581437 -0.12975010 1.05500686 2 0.05624877 0.02545603 0.77686113 3
2 0.13533062 -0.12960266 1.05378807 2 0.05180294 0.02334755 0.78340697 3
2 0.13519111 -0.12959506 1.05358815 2 0.04536464 0.02157973 0.79837084 3
2 0.13491163 -0.12964906 1.05285501 2 0.03677546 0.01944900 0.80683452 3
2 0.13465457 -0.13007852 1.05268204 2 0.03327423 0.01396519 0.81897581 3
2 0.13361523 -0.13139434 1.05279875 2 0.03183888 0.00669316 0.82802713 3
2 0.13211372 -0.13329199 1.05333972 2 0.02753486 -0.00129588 0.83639389 3
2 0.13071348 -0.13661653 1.05358410 1 0.01390468 -0.00690441 0.84272313 3
2 0.12951422 -0.13981335 1.05400622 2 0.02076301 -0.02207210 0.84118718 3
2 0.12807365 -0.14298144 1.05406785 1 0.02306441 -0.03430971 0.83670282 3
2 0.11730205 -0.16299711 1.05655003 2 0.00332460 -0.04337553 0.84480083 3
2 0.12410007 -0.14294824 1.06046915 2 0.00229254 -0.05714165 0.84286076 3
2 0.13058802 -0.12121627 1.06100845 2 0.00011864 -0.07133570 0.84091264 3
2 0.13149464 -0.11482797 1.06176353 2 -0.00176683 -0.08710166 0.83346468 3
2 0.13153957 -0.11448538 1.06183481 2 -0.00038701 -0.10372247 0.82701814 3
2 0.13155152 -0.11452825 1.06184304 2 0.00820522 -0.12137627 0.82050383 3
2 0.13159274 -0.11485306 1.06186354 2 0.01096861 -0.13676175 0.81073684 3
2 0.13164385 -0.11531375 1.06193185 2 0.02977310 -0.15132137 0.80336004 3
2 0.13181642 -0.11586105 1.06199932 2 0.02834522 -0.16275850 0.78930938 3
2 0.13195422 -0.11658207 1.06208086 2 0.02330419 -0.17260423 0.77043897 3
2 0.13228796 -0.11745627 1.06221199 2 0.03603280 -0.18177716 0.75816542 0
2 0.13288759 -0.12486180 1.06357336 2 0.04120600 -0.18737160 0.74091059 0
2 0.13373744 -0.12763661 1.06434834 2 0.05236358 -0.19128613 0.72422504 0
2 0.13399240 -0.12723927 1.06441128 2 0.07146397 -0.19067512 0.70899200 0
2 0.13437866 -0.12673949 1.06447685 2 0.10540973 -0.18395378 0.74473238 0
2 0.13459808 -0.12689894 1.06440604 2 0.08821837 -0.18095912 0.68200195 0
2 0.13822268 -0.13656071 1.06629169 2 0.10741371 -0.17220217 0.68610162 0
2 0.13888951 -0.13805947 1.06671488 2 0.10340386 -0.15680075 0.65798092 0
2 0.13955654 -0.13934731 1.06739688 2 0.10411854 -0.14183316 0.64904648 0
2 0.14001887 -0.14016812 1.06785083 2 0.11148754 -0.12655760 0.64274395 0
2 0.14088030 -0.14140239 1.06870759 2 0.10698441 -0.11171205 0.64339525 0
2 0.14135268 -0.14203076 1.06869566 2 0.11725376 -0.09447218 0.64306378 0
2 0.14171332 -0.14209644 1.06909549 2 0.11725927 -0.07926212 0.65182674 0
2 0.14125238 -0.13524103 1.06813598 2 0.11943769 -0.06097676 0.65820491 0
2 0.14105061 -0.13137618 1.06698918 2 0.11497732 -0.04618562 0.66446662 3
2 0.14072478 -0.12913001 1.06667709 2 0.11628678 -0.03265553 0.67895275 3
2 0.14032552 -0.12749635 1.06589985 2 0.10952666 -0.01975822 0.68742472 3
2 0.14015357 -0.12522852 1.06405163 2 0.10642361 -0.00720903 0.70626801 3
2 0.13956168 -0.12159193 1.06270981 2 0.09846072 0.00399584 0.71321028 3
2 0.13983949 -0.11750557 1.06012642 2 0.09455489 0.01205410 0.72222263 3
2 0.13940790 -0.11612184 1.05948150 2 0.08531035 0.02057214 0.73532534 3
2 0.13902546 -0.11580242 1.05897999 2 0.08078969 0.02520220 0.74756444 3
2 0.13853610 -0.11563791 1.05839705 2 0.06732520 0.03327481 0.75663102 3
2 0.13774095 -0.11499109 1.05781460 2 0.06549007 0.03253481 0.76872540 3
2 0.13667729 -0.11437452 1.05780363 2 0.05812503 0.03431251 0.78134882 3
2 0.13456865 -0.11363181 1.05725718 2 0.05161963 0.03316540 0.79037225 3
2 0.13407236 -0.11346966 1.05735528 2 0.04393909 0.03117637 0.79736483 3
2 0.13386750 -0.11380115 1.05716407 2 0.03832434 0.02575921 0.80258948 3
2 0.13328630 -0.11422626 1.05734646 2 0.03696806 0.01733491 0.80797929 3
2 0.13240881 -0.11527759 1.05790091 2 0.02357585 0.01155080 0.81781363 3
2 0.12200272 -0.13479209 1.05923414 2 0.02385991 -0.00040304 0.82104361 3
2 0.12197990 -0.14136226 1.05639672 1 -0.00182208 -0.00470767 0.82983851 3
2 0.11954903 -0.15148832 1.05574417 1 -0.00869123 -0.01503360 0.83024043 0
1 0.11562651 -0.15923698 1.04850173 1 -0.01312820 -0.02990315 0.83611256 0
1 0.11841141 -0.16259949 1.04028761 1 -0.02139519 -0.04071314 0.84784216 0
2 0.13732660 -0.07264192 1.07191753 2 0.00208534 -0.06182504 0.82693714 0
2 0.13643843 -0.07784863 1.06808829 2 -0.00429052 -0.07334109 0.82808971 3
2 0.13595589 -0.07915708 1.06766343 2 -0.00798709 -0.08406865 0.82842106 3
2 0.13507190 -0.08222791 1.06662703 2 -0.00763501 -0.09604283 0.82694155 3
2 0.13421364 -0.08685070 1.06554544 2 0.01024053 -0.11292771 0.82427877 3
2 0.13206226 -0.10103381 1.06291556 2 0.00116514 -0.12236652 0.82474560 3
2 0.13145138 -0.10541523 1.06236553 2 0.00087045 -0.13251074 0.81956869 3
2 0.13140000 -0.10758977 1.06258929 2 0.00755431 -0.14447738 0.81326157 3
2 0.13151705 -0.10905548 1.06273460 2 0.01519011 -0.15387373 0.80510265 3
2 0.13581705 -0.14301312 1.06036448 2 0.02247316 -0.16296385 0.79282922 3
2 0.13607690 -0.14407773 1.06056690 2 0.02595818 -0.16803472 0.77673233 3
2 0.13637699 -0.14488457 1.06154072 2 0.03613709 -0.17375918 0.76035911 3
2 0.13638233 -0.14540014 1.06182551 2 0.04437352 -0.17548811 0.74328601 3
2 0.13646542 -0.14567626 1.06202197 2 0.05699794 -0.17588633 0.72401923 0
2 0.13655628 -0.14587834 1.06222844 2 0.06983647 -0.17356831 0.71441042 0
2 0.13670406 -0.14604798 1.06237066 2 0.08089843 -0.16931646 0.69807810 0
2 0.13693634 -0.14617528 1.06255460 2 0.08710539 -0.16223255 0.68235493 0
2 0.13714670 -0.14620796 1.06286716 2 0.09534355 -0.15266256 0.67174304 0
2 0.13728295 -0.14633283 1.06313026 2 0.09963686 -0.14127514 0.66129667 0
2 0.13742174 -0.14638181 1.06329954 2 0.10477233 -0.12905869 0.65297192 0
2 0.13763840 -0.14644559 1.06380630 2 0.10774227 -0.11695104 0.65337867 0
2 0.13775511 -0.14667298 1.06409693 2 0.11041684 -0.10205031 0.65368563 0
2 0.13779399 -0.14677542 1.06436586 2 0.11419901 -0.08787302 0.65435094 0
2 0.13779324 -0.14678338 1.06440139 2 0.11186812 -0.07033253 0.66100723 3
2 0.13781935 -0.14671852 1.06443214 2 0.10941732 -0.05442680 0.66898507 3
2 0.13836272 -0.14555475 1.06417048 2 0.10717209 -0.04025479 0.67316324 3
2 0.13856320 -0.14495812 1.06401539 2 0.10374977 -0.02676947 0.68686491 3
2 0.13980815 -0.13994595 1.06301498 2 0.09777284 -0.01439874 0.69867855 3
2 0.13967517 -0.13941884 1.06202579 2 0.09304522 -0.00317219 0.70687002 3
2 0.13966945 -0.13840929 1.06026173 2 0.08609610 0.00646991 0.71696842 3
2 0.13976167 -0.13066499 1.05513501 2 0.08079004 0.01378803 0.73098999 3
2 0.13929744 -0.13152336 1.05482960 2 0.07292281 0.01878648 0.74284375 3
2 0.13868402 -0.13215265 1.05450916 2 0.06695293 0.02284631 0.75482285 3
2 0.13809623 -0.13237631 1.05465925 2 0.05962883 0.02463369 0.76657283 3
2 0.13731739 -0.13251765 1.05494201 2 0.05543023 0.02487126 0.77993304 3
2 0.13666612 -0.13271844 1.05517173 2 0.04563422 0.02528708 0.78684807 3
2 0.13587603 -0.13280569 1.05552566 1 0.04053567 0.02335198 0.79567456 3
2 0.13585146 -0.13281628 1.05554926 2 0.03695654 0.01840783 0.80488300 3
2 0.13516594 -0.13343596 1.05573189 2 0.02987294 0.01462251 0.80982864 3
2 0.13428414 -0.13437988 1.05642164 2 0.02336722 0.00924482 0.81934285 3
2 0.13320805 -0.13577770 1.05678177 2 0.02000135 0.00142187 0.82195199 3
2 0.13165875 -0.13934897 1.05747485 2 0.01493242 -0.00733808 0.82837808 3
2 0.13039844 -0.14410113 1.05757356 2 0.00915881 -0.01763437 0.82686090 3
2 0.12837976 -0.15041386 1.05746782 2 0.00355008 -0.02846374 0.82976794 3
1 0.12883052 -0.15090005 1.05705655 1 -0.00991203 -0.03702426 0.83374023 3
1 0.13015470 -0.15130877 1.05669987 2 0.00071552 -0.05340526 0.82351929 3
2 0.13477893 -0.13406125 1.05714118 2 0.00085666 -0.06818146 0.81932241 3
2 0.13672994 -0.12583320 1.05519080 2 -0.00463266 -0.08086034 0.81448513 3
2 0.13680772 -0.12529887 1.05490589 2 -0.00015184 -0.09966877 0.81291056 3
2 0.13689093 -0.12540570 1.05482948 1 0.00243095 -0.11641975 0.80764580 0
2 0.13712668 -0.12623391 1.05465436 2 0.00629695 -0.13392976 0.80261320 0
2 0.13889672 -0.13720907 1.05427945 2 0.01829625 -0.14964779 0.80093086 3
2 0.13905007 -0.13704440 1.05462110 2 0.01927545 -0.16222586 0.79326308 3
2 0.13916020 -0.13695662 1.05495715 2 0.02142372 -0.17121848 0.78078943 3
2 0.13937102 -0.13692267 1.05550730 2 0.02893309 -0.18010835 0.77116549 3
2 0.13957484 -0.13684958 1.05637193 2 0.03651584 -0.18706711 0.76018775 0
2 0.13976094 -0.13681932 1.05726016 2 0.04704425 -0.19162960 0.74662495 0
2 0.14001839 -0.13667557 1.05807292 2 0.05565004 -0.19428150 0.73392576 0
2 0.14022014 -0.13660178 1.05842721 2 0.07048144 -0.19369172 0.72578937 0
2 0.14054094 -0.13669993 1.05900455 2 0.08275968 -0.19284908 0.71664011 0
2 0.14104131 -0.13668139 1.05961978 2 0.09422608 -0.18949267 0.70438117 0
2 0.14154145 -0.13662764 1.06040359 2 0.09629471 -0.18140756 0.69361198 0
2 0.14179936 -0.13637993 1.06082129 2 0.10129794 -0.16986524 0.68355829 0
2 0.14207336 -0.13606490 1.06153059 2 0.10571914 -0.15684380 0.67572802 0
2 0.14219870 -0.13579880 1.06184077 2 0.10983774 -0.14350139 0.66833270 0
2 0.14229955 -0.13563360 1.06220877 2 0.11279950 -0.12989229 0.66316801 0
2 0.14243276 -0.13559793 1.06250477 2 0.11639398 -0.11473658 0.66434771 0
2 0.14260657 -0.13557227 1.06278634 2 0.12231427 -0.10193326 0.66668963 0
2 0.14457974 -0.13844633 1.06494975 2 0.11949592 -0.08318780 0.66998136 0
2 0.14436799 -0.13735798 1.06473446 2 0.11749040 -0.06587213 0.67535567 3
2 0.14445466 -0.13622141 1.06439769 2 0.11561087 -0.05169413 0.68293232 3
2 0.14419201 -0.13501182 1.06418324 2 0.11193801 -0.03691117 0.69109386 3
2 0.14435668 -0.13486604 1.06335199 2 0.10631506 -0.02365411 0.70374399 3
2 0.14485167 -0.13213250 1.05889857 2 0.09911135 -0.01002838 0.71393907 3
2 0.14392380 -0.13003829 1.05736649 2 0.09200577 -0.00080395 0.72611511 3
2 0.14361599 -0.12972289 1.05715406 2 0.08368190 0.00681577 0.74197608 3
2 0.14263134 -0.12864554 1.05604172 2 0.07513737 0.00981914 0.75629818 3
2 0.14180696 -0.12785870 1.05561817 2 0.06820840 0.01126672 0.77249640 3
2 0.14086610 -0.12720613 1.05530286 2 0.05765436 0.01364917 0.78523618 3
2 0.13979577 -0.12682103 1.05338192 2 0.04880109 0.01787941 0.79103261 3
2 0.13957727 -0.12702017 1.05311012 2 0.05194125 0.00954425 0.79669225 3
2 0.13924013 -0.12740047 1.05271482 2 0.05249841 0.00785091 0.79544318 3
2 0.13907453 -0.12761037 1.05273473 2 0.04810851 0.00897926 0.80041325 3
2 0.13887002 -0.12780191 1.05251205 2 0.04708885 0.00892337 0.79716402 3
2 0.13858281 -0.12814043 1.05221307 2 0.04375323 0.01037140 0.79903787 3
2 0.13842112 -0.12821209 1.05214262 2 0.04386067 0.01229528 0.80245578 2
-999
