2 0.18561909 0.03223144 0.70133060 2 0.21953112 0.06124787 0.70133060 3
2 0.13451016 0.05754119 0.71730292 2 0.20465805 0.06398664 0.71730292 3
2 0.08986469 0.05334352 0.75396049 2 0.18870473 0.06461851 0.75396049 3
2 0.04861021 0.03677992 0.79534394 2 0.17293739 0.06137801 0.79534394 3
2 0.01310209 0.01327506 0.83916450 2 0.15835078 0.05517680 0.83916450 3
2 -0.02069877 -0.01001693 0.88322741 2 0.14454472 0.04648162 0.88322741 3
1 -0.02534822 -0.04072994 0.91579962 1 0.13492550 0.03632091 0.91579962 3
2 -0.08447362 -0.09390239 1.01201928 2 0.11851320 0.02264222 1.01201928 1
1 -0.08387718 -0.09753093 1.01577199 1 0.10472526 0.01403581 1.01577199 1
1 -0.08395584 -0.09108036 1.01538002 1 0.09366528 0.01202548 1.01538002 1
1 -0.08397411 -0.08783124 1.01512611 1 0.08442257 0.01368543 1.01512611 1
2 -0.03282676 -0.02536822 0.90820575 2 0.08471707 0.02452972 0.90820575 3
2 -0.02781200 -0.00881717 0.87463182 2 0.08539158 0.03394777 0.87463182 3
2 0.00183070 -0.00135243 0.83555865 2 0.08862450 0.03751336 0.83555865 3
2 0.03087450 0.01140258 0.80429560 2 0.09306405 0.03703072 0.80429560 3
2 0.06133563 0.02379687 0.76928139 2 0.09879009 0.03533990 0.76928139 3
2 0.09761672 0.03044079 0.73677623 2 0.10745246 0.03478481 0.73677623 3
2 0.13727327 0.03198121 0.71075708 2 0.11911606 0.03608771 0.71075708 3
2 0.18271834 0.01548957 0.69390762 2 0.13424803 0.03644475 0.69390762 3
2 0.22075170 0.01484819 0.66828781 2 0.15091476 0.03752618 0.66828781 3
2 0.25557104 0.00195243 0.65650284 2 0.16733979 0.03695511 0.65650284 3
2 0.27733409 -0.01035884 0.65056866 2 0.18087141 0.03522821 0.65056866 3
2 0.28791165 -0.02008447 0.64827716 2 0.19088948 0.03290296 0.64827716 3
2 0.28948718 -0.02575060 0.64952862 2 0.19778214 0.03156332 0.64952862 3
2 0.28697899 -0.02717283 0.65515292 2 0.20363866 0.03085639 0.65515292 3
2 0.28059694 -0.02491442 0.65463448 2 0.20875774 0.03104507 0.65463448 3
2 0.27129304 -0.02052371 0.65587109 2 0.21343429 0.03111568 0.65587109 3
2 0.25982451 -0.01201670 0.66101998 2 0.21696950 0.03086988 0.66101998 3
2 0.24737671 -0.00331843 0.66709650 2 0.21890794 0.03036648 0.66709650 3
2 0.23130792 0.00568834 0.67449510 2 0.21688205 0.02938659 0.67449510 3
2 0.21804281 0.00748537 0.69089860 2 0.21344583 0.02727856 0.69089860 3
2 0.20675589 0.00813581 0.70004225 2 0.21026042 0.02557351 0.70004225 3
2 0.19537817 0.01332816 0.70533478 2 0.20697372 0.02357296 0.70533478 3
2 0.17956519 0.02520215 0.70540065 2 0.20224555 0.02361427 0.70540065 3
2 0.16933982 0.03000799 0.70576400 2 0.19702746 0.02644409 0.70576400 3
2 0.16222943 0.03012522 0.71025163 2 0.19217107 0.02990632 0.71025163 2
-999
