2 0.03454641 -0.17777440 0.55715942 2 0.11202565 -0.22123091 0.55715942 3
2 0.03387163 -0.19794738 0.54073411 2 0.11922155 -0.23839635 0.54073411 0
2 0.13579248 -0.32315177 0.65297955 2 0.17380802 -0.30621803 0.65297955 0
1 0.13183632 -0.32096329 0.63718802 1 0.21154375 -0.35182199 0.63718802 1
2 0.08896755 -0.29875228 0.59695083 2 0.20210479 -0.35426372 0.59695083 1
2 0.09509465 -0.31557795 0.60189766 2 0.18596369 -0.34731793 0.60189766 1
2 0.10276420 -0.32403424 0.60797036 2 0.18703319 -0.35514158 0.60797036 1
2 0.10475847 -0.33278286 0.61363083 2 0.20051098 -0.37339440 0.61363083 1
2 0.14163396 -0.34574389 0.64193046 2 0.22333065 -0.38708970 0.64193046 1
2 0.14444165 -0.34950837 0.64381433 2 0.22867881 -0.38635826 0.64381433 1
2 0.10084281 -0.35014832 0.61578488 2 0.20057502 -0.38103479 0.61578488 1
2 0.10472100 -0.35318345 0.62124246 2 0.18040578 -0.37888965 0.62124246 1
2 0.10422965 -0.35532632 0.62425059 2 0.17728376 -0.37985265 0.62425059 1
1 0.10005402 -0.35716319 0.62120670 1 0.17231013 -0.37548521 0.62120670 1
1 0.09501711 -0.36209273 0.62771726 1 0.15724997 -0.36817968 0.62771726 1
1 0.09210970 -0.38660255 0.56639129 1 0.13951251 -0.37463385 0.56639129 1
1 0.09532034 -0.39207497 0.56550413 1 0.13085447 -0.38509351 0.56550413 1
1 0.10130993 -0.39690399 0.56402552 1 0.12661073 -0.38758010 0.56402552 1
1 0.10485726 -0.40031877 0.56319827 1 0.11954723 -0.38474795 0.56319827 1
1 0.10713272 -0.40347633 0.56299287 1 0.10953487 -0.38641623 0.56299287 1
1 0.10886452 -0.40462863 0.56229919 1 0.10760134 -0.39725199 0.56229919 1
1 0.10915049 -0.40543422 0.56240749 1 0.10725506 -0.40582782 0.56240749 1
1 0.10924139 -0.40571654 0.56254119 1 0.10873205 -0.40897453 0.56254119 1
1 0.11060881 -0.40576699 0.56216431 1 0.09856075 -0.40710929 0.56216431 1
1 0.11031061 -0.40513340 0.56234676 1 0.10047831 -0.41258287 0.56234676 1
1 0.10959271 -0.40456140 0.56259531 1 0.10375869 -0.41709799 0.56259531 1
1 0.10799671 -0.40383810 0.56299287 1 0.10519573 -0.41669673 0.56299287 1
1 0.10663508 -0.40293315 0.56316584 1 0.10469016 -0.41478279 0.56316584 1
1 0.10386585 -0.40158632 0.56378847 1 0.10267144 -0.41433641 0.56378847 1
1 0.10150179 -0.40028816 0.56497806 1 0.10016831 -0.41443092 0.56497806 1
1 0.10012130 -0.39939860 0.56583589 1 0.09962147 -0.41365564 0.56583589 1
