2 0.21217747 -0.11015929 0.64244998 2 0.20463847 -0.08769318 0.64244998 3
2 0.18573526 -0.08818717 0.65187162 2 0.18789817 -0.06571209 0.65187162 3
2 0.15935169 -0.08028050 0.67128599 2 0.17282248 -0.05433293 0.67128599 3
2 0.11779785 -0.04022365 0.67831254 2 0.15132040 -0.03389812 0.67831254 3
2 0.08073427 -0.02077140 0.69680792 2 0.12606519 -0.01104831 0.69680792 3
2 0.04227782 -0.00645396 0.71935517 2 0.10045435 0.00644099 0.71935517 3
2 0.00702597 -0.00007121 0.74760383 2 0.07946105 0.01184103 0.74760383 3
2 -0.02447061 -0.00206125 0.77499449 2 0.06212176 0.00906670 0.77499449 3
2 -0.06061855 -0.00365952 0.80887765 2 0.04205185 0.00573070 0.80887765 3
1 -0.08872165 -0.00703142 0.83272791 1 0.02129462 0.00268138 0.83272791 0
2 -0.10491782 -0.02998658 0.86929065 2 0.00815346 -0.01351907 0.86929065 0
1 -0.11942094 -0.04441687 0.89590782 1 0.00049709 -0.03537392 0.89590782 0
1 -0.12001014 -0.05671351 0.91074795 1 -0.00127767 -0.05229563 0.91074795 0
1 -0.12062623 -0.06308921 0.92374867 1 -0.00300124 -0.06014898 0.92374867 0
1 -0.10512278 -0.07981493 0.92376661 1 0.00225521 -0.07249653 0.92376661 0
1 -0.12826614 -0.05851566 0.93382442 1 -0.00514758 -0.07382941 0.93382442 0
1 -0.12744465 -0.05478393 0.92646420 1 -0.01357663 -0.07053252 0.92646420 0
1 -0.12773764 -0.05730182 0.91673481 1 -0.01928749 -0.06829192 0.91673481 0
1 -0.12756810 -0.05381131 0.90551770 1 -0.02244374 -0.06872678 0.90551770 0
1 -0.12681948 -0.05196856 0.89655590 1 -0.02365937 -0.07037680 0.89655590 0
1 -0.12199710 -0.05042531 0.88472044 1 -0.02391056 -0.06986320 0.88472044 0
1 -0.11952405 -0.04666295 0.87668657 1 -0.02535856 -0.06439585 0.87668657 0
1 -0.11372960 -0.04328738 0.86309654 1 -0.02506682 -0.05938533 0.86309654 0
2 -0.08444187 -0.05247389 0.84413421 2 -0.01140339 -0.06201270 0.84413421 3
2 -0.07603274 -0.04699089 0.82737291 2 0.00159873 -0.06309582 0.82737291 3
2 -0.06160788 -0.04262316 0.80594736 2 0.01050323 -0.05858931 0.80594736 3
2 -0.04787494 -0.03522496 0.78420538 2 0.01767499 -0.05072873 0.78420538 3
2 -0.02445898 -0.03502218 0.76161230 2 0.03130341 -0.04784183 0.76161230 3
2 -0.00567064 -0.03089999 0.73929131 2 0.04872893 -0.04725617 0.73929131 3
2 0.01795751 -0.03043422 0.71436131 2 0.06704114 -0.04714039 0.71436131 0
2 0.04113317 -0.03197043 0.69493067 2 0.08309201 -0.04566152 0.69493067 0
2 0.06342050 -0.03550629 0.67543095 2 0.09895728 -0.04669523 0.67543095 3
2 0.08586431 -0.04231490 0.65652508 2 0.11716295 -0.05145399 0.65652508 3
2 0.10726591 -0.05223620 0.64075935 2 0.13552177 -0.05911900 0.64075935 3
2 0.13169473 -0.07592662 0.63454074 2 0.15304637 -0.07220088 0.63454074 3
2 0.14334995 -0.08100842 0.62656212 2 0.16461194 -0.08090190 0.62656212 3
2 0.15513641 -0.08726366 0.62102157 2 0.17328732 -0.08628902 0.62102157 3
2 0.16734086 -0.08959626 0.61836421 2 0.18263465 -0.08895846 0.61836421 3
2 0.17801955 -0.09747105 0.61670977 2 0.19156630 -0.09334265 0.61670977 3
2 0.18689194 -0.10493192 0.61279190 2 0.19828969 -0.09935945 0.61279190 3
2 0.19327445 -0.10970033 0.61169100 2 0.20316896 -0.10505490 0.61169100 3
2 0.19407597 -0.10991426 0.61183816 2 0.20585279 -0.10731212 0.61183816 3
2 0.18864784 -0.10439251 0.61197883 2 0.20443122 -0.10477628 0.61197883 3
2 0.17216486 -0.09690747 0.61512935 2 0.19443533 -0.09924059 0.61512935 3
2 0.16753155 -0.09569107 0.62865382 2 0.18639804 -0.09698793 0.62865382 3
2 0.14753646 -0.09118529 0.64229429 2 0.17624797 -0.09601975 0.64229429 3
2 0.10505515 -0.04942692 0.64501840 2 0.15265754 -0.07645877 0.64501840 3
2 0.07072074 -0.03695855 0.66530734 2 0.12310068 -0.05728849 0.66530734 3
2 0.03474344 -0.02972646 0.68822497 2 0.09408183 -0.04864164 0.68822497 3
2 -0.00048354 -0.02654831 0.71606600 2 0.06891537 -0.04934273 0.71606600 3
2 -0.02643244 -0.03208999 0.74435931 2 0.04899028 -0.05366396 0.74435931 3
2 -0.06224993 -0.03215628 0.77801347 2 0.02493474 -0.05392846 0.77801347 3
1 -0.08844808 -0.03770860 0.81072456 1 0.00097282 -0.05581617 0.81072456 3
1 -0.09917677 -0.05264470 0.84285647 1 -0.01281179 -0.06474361 0.84285647 0
1 -0.10552044 -0.06417917 0.86816603 1 -0.01724463 -0.07589746 0.86816603 0
1 -0.07095639 -0.09210028 0.86871159 1 -0.00164873 -0.09176359 0.86871159 0
1 -0.01522925 -0.12587988 0.85998148 1 0.03227661 -0.11340071 0.85998148 0
1 -0.01323750 -0.12621944 0.86468464 1 0.04772579 -0.12361557 0.86468464 0
1 -0.05689943 -0.09485017 0.89088976 1 0.02397122 -0.10798926 0.89088976 0
1 -0.01292675 -0.11305787 0.86433011 1 0.02191030 -0.10178845 0.86433011 0
1 -0.05164803 -0.07570364 0.87147093 1 0.01165950 -0.08929623 0.87147093 0
1 -0.09882713 -0.03782975 0.87538201 1 -0.01980191 -0.06648544 0.87538201 0
2 -0.07528831 -0.04226421 0.84389782 2 -0.03301883 -0.05854061 0.84389782 0
1 -0.06942929 -0.03293227 0.81634122 1 -0.03156236 -0.05825017 0.81634122 0
2 -0.03946077 -0.03519557 0.77824348 2 -0.01597630 -0.06283169 0.77824348 0
2 -0.02232696 -0.03038225 0.74529922 2 -0.00465081 -0.06494363 0.74529922 3
2 0.00660973 -0.03271281 0.71260434 2 0.00027110 -0.06686287 0.71260434 3
2 0.04153094 -0.04053596 0.68053412 2 0.01834857 -0.07871679 0.68053412 3
2 0.07800831 -0.05095319 0.65435904 2 0.04281538 -0.09440614 0.65435904 3
2 0.12091859 -0.07676256 0.63616037 2 0.07446312 -0.11778845 0.63616037 3
2 0.15205723 -0.09316919 0.61726797 2 0.09796017 -0.13725168 0.61726797 3
2 0.18171194 -0.11181978 0.60556370 2 0.11939187 -0.15158428 0.60556370 3
2 0.20782790 -0.13315044 0.60092336 2 0.14122114 -0.16464999 0.60092336 3
2 0.23338351 -0.16420448 0.60160744 2 0.16352980 -0.18239273 0.60160744 3
2 0.25097793 -0.17850342 0.59646481 2 0.18058445 -0.19589481 0.59646481 3
2 0.25564915 -0.18752430 0.59231263 2 0.18707938 -0.19997311 0.59231263 2
-999
